100
    1    90    82
    2    43    42
    3    40    44
    4    23    21
    5    64    54
    6    37    28
    7    91    83
    8   100    98
    9    19    19
   10   102    92
   11    34    30
   12    10     5
   13    34    26
   14    51    50
   15     8     7
   16    71    71
   17    41    39
   18    87    86
   19    92    83
   20    14    12
   21    93    91
   22    47    42
   23    72    82
   24     9    13
   25     1     3
   26    89    98
   27   104   100
   28    21    22
   29    49    52
   30    77    73
   31    55    56
   32     8     2
   33    32    38
   34    50    59
   35    74    82
   36    21    11
   37    37    34
   38    28    35
   39   108    98
   40    84    89
   41    82    85
   42    61    56
   43    12    16
   44     8    16
   45    34    25
   46    82    73
   47    87    92
   48    58    64
   49    22    21
   50    81    86
   51    96    97
   52    62    54
   53    13     3
   54    49    58
   55    58    55
   56    12    10
   57    46    47
   58    70    65
   59    38    30
   60    91    92
   61    10    15
   62    28    29
   63    49    42
   64    46    53
   65    80    70
   66    31    34
   67     5     7
   68    23    25
   69     9     2
   70    15    20
   71    26    28
   72    79    88
   73    19    28
   74    75    69
   75    75    74
   76    10     3
   77    82    73
   78     1     1
   79    81    79
   80    10     1
   81    38    40
   82    90    84
   83    58    65
   84    85    80
   85    76    80
   86    34    24
   87    90    98
   88    41    50
   89    45    40
   90    48    49
   91     1     7
   92    11     3
   93    16    19
   94    26    34
   95    88    90
   96    96    99
   97    87    91
   98    32    31
   99    97    98
  100    64    54
347
