100
    1   806   769
    2   869   893
    3   932   971
    4   909   996
    5    61   141
    6   522   563
    7   926   918
    8   572   517
    9   614   670
   10   495   507
   11   112    37
   12   111    84
   13   857   813
   14   275   373
   15    55    70
   16   395   470
   17   918   998
   18   713   657
   19   748   698
   20   352   295
   21   950   926
   22   522   529
   23   878   973
   24   939   872
   25   926   966
   26   675   681
   27     1     3
   28   702   761
   29   915   823
   30   486   512
   31   380   323
   32   326   333
   33   232   157
   34   522   438
   35  1008   917
   36  1011   986
   37    91   157
   38   843   830
   39    27    45
   40   306   312
   41   784   728
   42    99   139
   43   682   735
   44   773   703
   45   855   896
   46   878   828
   47   798   747
   48   524   499
   49   809   728
   50   311   217
   51    33    72
   52   390   313
   53   346   390
   54   142   221
   55    86    82
   56    96   153
   57   719   786
   58    25   124
   59   874   893
   60   411   419
   61   431   454
   62  1013   932
   63   794   753
   64   648   572
   65   413   493
   66   303   341
   67   838   806
   68   332   344
   69   896   989
   70  1079   979
   71   783   847
   72   878   951
   73   110   135
   74     1    88
   75   853   825
   76   802   722
   77   718   764
   78   529   540
   79   527   562
   80   936   868
   81   988   927
   82   873   783
   83   167   252
   84   353   379
   85   724   679
   86   457   443
   87  1045   985
   88   313   349
   89   151   171
   90   816   796
   91   157   182
   92   527   446
   93   346   382
   94   464   521
   95   151   129
   96   856   878
   97   881   786
   98   297   258
   99   501   437
  100   558   573
1118
