1000
    1    79    75
    2    82    83
    3     1     1
    4    56    66
    5    15    15
    6    23    29
    7     1     4
    8    95    99
    9   102   100
   10    74    81
   11    25    15
   12     1     2
   13    79    79
   14    23    23
   15    18    24
   16    41    40
   17    37    44
   18    99    99
   19    19    12
   20    86    81
   21    96    92
   22    80    83
   23    97    87
   24    76    78
   25    52    52
   26    74    67
   27    60    61
   28    11    15
   29     8    13
   30    35    38
   31    99    97
   32    15    11
   33    52    59
   34    49    56
   35    48    43
   36    25    16
   37    11    19
   38    71    72
   39     1     7
   40    83    82
   41    29    22
   42    46    45
   43    55    57
   44    41    49
   45    96    98
   46    11     6
   47    19    25
   48    26    25
   49     4     6
   50    62    55
   51    18    22
   52    25    19
   53    81    84
   54    18    15
   55    22    20
   56    27    35
   57   105   100
   58    38    30
   59    45    47
   60    11    17
   61    85    88
   62    22    22
   63    46    39
   64     2     6
   65    44    35
   66    24    19
   67    46    36
   68    22    26
   69     6     3
   70    35    25
   71    59    69
   72    71    65
   73    13    13
   74    15    10
   75    39    35
   76    55    64
   77    60    58
   78    30    34
   79    93    88
   80    95    90
   81    61    53
   82    19    13
   83    69    78
   84    66    69
   85     5     9
   86    89    85
   87    24    31
   88   101    99
   89    89    89
   90    51    46
   91    41    32
   92     1     8
   93    83    76
   94    62    67
   95    15    23
   96    19    16
   97    15     8
   98    12     8
   99    95    91
  100    86    95
  101    60    56
  102     1     7
  103    63    57
  104    66    59
  105    89    80
  106    20    17
  107    20    10
  108    69    74
  109    79    78
  110    32    36
  111    39    38
  112    43    42
  113    77    72
  114    44    36
  115    89    96
  116    80    82
  117    72    66
  118    33    36
  119     7    12
  120   106   100
  121   100    95
  122    62    52
  123    93    95
  124    53    62
  125    14     4
  126    11    18
  127    53    47
  128    64    55
  129    88    98
  130    68    78
  131    48    41
  132    34    36
  133    39    30
  134    66    71
  135    85    76
  136     6     9
  137    50    60
  138    11     6
  139    28    37
  140    79    71
  141    81    82
  142    72    72
  143    76    82
  144    71    74
  145    66    76
  146    70    77
  147    29    25
  148    55    50
  149    18    24
  150    44    49
  151   108   100
  152     5     8
  153    56    65
  154    73    83
  155    67    57
  156    98    99
  157    53    53
  158    40    42
  159    74    73
  160    85    88
  161    86    84
  162    72    70
  163    94    85
  164   100    93
  165    10    20
  166    80    77
  167    93    98
  168    81    87
  169    85    77
  170    37    40
  171    92    98
  172    30    33
  173    92   100
  174    26    33
  175    88    82
  176    32    30
  177    68    77
  178    74    76
  179    72    69
  180    56    47
  181    54    46
  182    96    92
  183    60    63
  184    72    71
  185    43    40
  186    31    40
  187     6     5
  188    94    96
  189   100    95
  190    61    52
  191    86    89
  192    84    90
  193   100    99
  194    37    27
  195    73    72
  196     1     5
  197    84    79
  198    66    69
  199    84    94
  200    48    52
  201    11     2
  202    48    48
  203    24    14
  204    14    18
  205    56    62
  206    94    84
  207    36    27
  208    11    21
  209    11    14
  210    18    16
  211    35    43
  212    89    83
  213     1     2
  214    39    36
  215    39    29
  216   105    98
  217    15     7
  218    21    11
  219    30    24
  220    37    45
  221    16    25
  222    21    28
  223    25    16
  224    84    79
  225     7     3
  226    38    39
  227    66    66
  228    12     4
  229    84    90
  230    64    74
  231    46    40
  232    15     9
  233    44    40
  234    23    33
  235    22    16
  236    27    19
  237    50    40
  238    28    24
  239    33    36
  240    50    60
  241    67    60
  242    39    42
  243    28    32
  244    14    18
  245    12    21
  246    35    34
  247    51    57
  248    58    57
  249    11    11
  250    54    51
  251    53    58
  252    96    98
  253    82    72
  254    63    73
  255    23    22
  256     1     4
  257    90    87
  258    96    87
  259    85    90
  260     2     8
  261    92    82
  262    72    64
  263    26    22
  264    49    50
  265    66    66
  266    42    33
  267    76    73
  268     7    15
  269    85    80
  270    15    14
  271    30    39
  272    66    66
  273    59    59
  274    50    46
  275    64    64
  276     1     1
  277    38    34
  278     9     5
  279    44    44
  280    40    35
  281    26    20
  282    36    37
  283    24    18
  284    64    54
  285    66    67
  286    46    52
  287    10    14
  288    14     4
  289    51    44
  290    19    18
  291    41    33
  292    85    75
  293    64    67
  294    78    77
  295    75    70
  296    89    94
  297    18    25
  298    58    49
  299    99    93
  300    65    67
  301    39    39
  302    21    14
  303    57    65
  304     7    16
  305    72    62
  306    57    51
  307    93    98
  308    96   100
  309    49    51
  310   101    94
  311    65    69
  312    27    17
  313    13    13
  314    75    73
  315    12     5
  316    27    21
  317    18    20
  318    67    76
  319    23    29
  320    63    60
  321    82    81
  322    59    58
  323    79    71
  324    27    37
  325    69    76
  326    29    38
  327    89    81
  328    32    42
  329     4     9
  330    87    96
  331    14    19
  332    43    34
  333    58    68
  334    80    75
  335    46    49
  336    71    66
  337    41    46
  338    80    86
  339    60    63
  340    64    67
  341     4    12
  342    41    33
  343    13    17
  344    85    75
  345    23    31
  346    70    62
  347    51    55
  348    90    85
  349    65    64
  350    67    70
  351    34    43
  352    31    39
  353    20    15
  354     9     7
  355    25    31
  356    26    28
  357    81    86
  358    22    26
  359    42    34
  360    52    45
  361    78    69
  362    84    88
  363    76    68
  364   106    97
  365     1     9
  366    62    58
  367    39    40
  368    93    91
  369    27    22
  370    41    38
  371    69    79
  372    85    93
  373    65    67
  374    19    13
  375     9     7
  376    72    64
  377    85    82
  378    41    49
  379    42    39
  380    47    40
  381    53    62
  382    34    26
  383    93    99
  384    69    70
  385    34    26
  386    48    38
  387    55    54
  388    46    37
  389    64    61
  390    21    15
  391    33    38
  392    81    88
  393    84    74
  394    69    77
  395    96    91
  396    48    56
  397    49    55
  398    21    11
  399    45    41
  400    86    76
  401    13    19
  402    34    44
  403    24    21
  404    61    54
  405    37    29
  406    83    83
  407    87    89
  408    24    33
  409    55    61
  410     1     1
  411    13    18
  412    88    86
  413    19    16
  414   100   100
  415    37    30
  416    17    13
  417    51    58
  418    72    63
  419    26    27
  420    13    19
  421    16    20
  422    45    50
  423    67    68
  424    35    31
  425    50    47
  426    73    64
  427    35    33
  428    21    15
  429    44    37
  430    87    89
  431    41    34
  432    88    81
  433    81    85
  434    76    80
  435    11    18
  436    32    40
  437    85    85
  438    47    47
  439    91    93
  440    12     6
  441    92    93
  442    98    91
  443    26    35
  444    44    41
  445    19    10
  446    75    79
  447    66    64
  448     1     4
  449    54    54
  450    49    50
  451    12    20
  452    18    12
  453   103   100
  454    90    82
  455    94    93
  456    78    69
  457    37    46
  458     9     1
  459    82    90
  460    12    13
  461    33    32
  462    64    73
  463    99    92
  464     1     5
  465    91    83
  466    21    21
  467    35    29
  468    53    61
  469    31    33
  470    34    28
  471     1     3
  472    59    62
  473    21    21
  474    61    51
  475    95    87
  476    60    50
  477    95    94
  478    27    23
  479    86    80
  480     1     6
  481    37    46
  482    65    74
  483    98    98
  484    91    81
  485    48    44
  486    62    68
  487    90    85
  488    90    95
  489    86    80
  490    46    36
  491     9    14
  492    82    90
  493   101   100
  494    67    70
  495    36    42
  496    38    29
  497    22    18
  498    12     8
  499    30    27
  500    73    69
  501    52    54
  502    52    51
  503    98    88
  504    81    90
  505    31    22
  506    21    12
  507    95    86
  508    76    80
  509    87    86
  510    52    46
  511    71    79
  512    78    75
  513   100    95
  514    45    51
  515    16    24
  516    11     9
  517    50    41
  518    66    68
  519    16    16
  520    36    33
  521     6    12
  522    32    36
  523    72    63
  524    44    35
  525    44    52
  526    34    41
  527    87    94
  528     7     5
  529    58    66
  530    38    36
  531    13     4
  532    90    85
  533    86    87
  534    17    24
  535    93    92
  536    50    53
  537    37    28
  538    66    59
  539    13    19
  540    11     1
  541    50    46
  542    70    73
  543    78    68
  544    38    41
  545    70    61
  546    74    75
  547     3     8
  548    65    65
  549    88    87
  550    71    77
  551    52    49
  552    77    86
  553    55    48
  554     5    14
  555    41    40
  556    82    72
  557    21    17
  558    84    86
  559    20    25
  560    28    24
  561    72    62
  562    83    90
  563    77    67
  564    91    93
  565    19    21
  566    91    94
  567    77    86
  568    49    56
  569    58    54
  570    74    84
  571    32    27
  572    57    62
  573    63    59
  574    24    15
  575    58    56
  576    86    94
  577    68    76
  578    68    64
  579    29    26
  580    11    21
  581     1     9
  582     8     4
  583    11    16
  584    48    39
  585    69    68
  586    68    69
  587   101    91
  588   104    97
  589    41    42
  590    82    92
  591    90    90
  592    79    74
  593    12    19
  594    48    58
  595    25    29
  596    49    40
  597    90    88
  598    65    69
  599    94    99
  600    33    39
  601    66    57
  602    52    54
  603    84    89
  604    92    94
  605    17    17
  606    46    42
  607    60    63
  608    27    34
  609    83    83
  610    65    74
  611   100    99
  612    98    92
  613    93    92
  614    26    17
  615    75    71
  616    29    19
  617    38    42
  618    51    42
  619    87    93
  620    23    25
  621    22    16
  622    40    48
  623    88    82
  624    35    41
  625    88    88
  626    43    44
  627    81    77
  628    57    56
  629    45    35
  630    41    31
  631    49    39
  632    81    73
  633    34    37
  634    71    62
  635    31    27
  636     1     2
  637    25    28
  638    28    31
  639    39    44
  640     7     2
  641    35    35
  642    38    34
  643    69    79
  644    84    83
  645    84    80
  646    48    51
  647    43    44
  648    57    47
  649    77    75
  650    72    81
  651    24    18
  652    60    61
  653     4    11
  654    26    18
  655    11    12
  656    95    95
  657    28    38
  658     6     7
  659    82    89
  660    92    82
  661    65    55
  662    90    86
  663    91    81
  664    18    27
  665     9     9
  666     4     3
  667     7    14
  668     1    10
  669    37    39
  670    14    13
  671    30    20
  672    95    86
  673    15     7
  674    61    68
  675    60    66
  676    36    45
  677    73    76
  678    78    83
  679    23    27
  680    15    11
  681    63    70
  682    58    65
  683    40    37
  684    11    20
  685    88    78
  686    11    21
  687    89    94
  688   102    96
  689     5     9
  690    58    51
  691    76    66
  692    77    69
  693    58    59
  694    24    14
  695    45    38
  696    88    88
  697    40    42
  698     1     6
  699    18    13
  700     7     9
  701    12     6
  702    53    53
  703    79    70
  704    76    81
  705    77    76
  706    20    16
  707    52    59
  708    14    12
  709    34    25
  710    74    64
  711     1     5
  712    81    78
  713    33    25
  714     3     7
  715    36    27
  716    26    23
  717    13     6
  718    46    46
  719    52    57
  720    33    30
  721     8     8
  722    90    86
  723    35    43
  724    18    18
  725     2     1
  726    29    36
  727    68    69
  728    63    53
  729     6     3
  730    81    91
  731    87    94
  732    39    44
  733    60    50
  734     9    19
  735    49    51
  736    38    29
  737     6     2
  738    79    69
  739    85    94
  740    59    65
  741    83    82
  742     7    11
  743    60    54
  744    28    21
  745    17    25
  746    98    94
  747    33    39
  748    43    42
  749    53    55
  750    91    92
  751    51    48
  752    71    78
  753    41    36
  754    31    41
  755    91    86
  756    57    64
  757    20    22
  758    41    32
  759    12     7
  760    26    22
  761    72    70
  762    49    57
  763     8    10
  764    42    34
  765   104    95
  766    42    34
  767    65    59
  768    49    39
  769    37    32
  770    35    28
  771    40    41
  772    63    55
  773    16    24
  774    78    72
  775     1     5
  776    97    92
  777    79    81
  778    15    15
  779    37    34
  780    13    12
  781    75    76
  782    58    64
  783    27    25
  784    29    23
  785    10    17
  786    61    51
  787    69    71
  788    97    93
  789    89    89
  790    95    90
  791    20    16
  792    14    19
  793    49    48
  794    29    33
  795    46    36
  796     9    16
  797     3     1
  798    66    71
  799    66    69
  800     9    17
  801    54    63
  802    62    64
  803   100    94
  804   102    92
  805    38    43
  806    90    86
  807    32    24
  808    18    14
  809    83    82
  810    90    82
  811    22    20
  812    72    70
  813    65    74
  814    38    42
  815    71    77
  816    64    55
  817    35    38
  818     1     2
  819    70    72
  820    30    38
  821    72    80
  822     4     9
  823    84    76
  824     2    11
  825    12    12
  826   100    91
  827    78    69
  828    69    66
  829    88    83
  830    75    81
  831    23    31
  832     4     7
  833    64    66
  834    40    38
  835    89    97
  836    27    32
  837    20    26
  838    31    34
  839    22    32
  840    40    44
  841    14     8
  842    71    74
  843    77    68
  844    27    28
  845    12    16
  846    51    41
  847    42    47
  848    81    91
  849     4    12
  850    41    31
  851    54    47
  852    82    90
  853    80    83
  854    57    54
  855    67    73
  856   100    98
  857    92    91
  858    68    58
  859    38    44
  860     7     3
  861    70    62
  862    23    22
  863    24    18
  864    87    85
  865    69    74
  866    43    45
  867    18    24
  868    70    65
  869    76    86
  870    16    16
  871    28    27
  872    29    37
  873    63    62
  874    40    40
  875    15    23
  876    34    37
  877    47    47
  878    16    14
  879    70    80
  880    61    62
  881    93    94
  882     2     5
  883    74    68
  884    56    51
  885    18    24
  886    40    40
  887    19    14
  888     4     9
  889   105   100
  890    51    59
  891     4     3
  892    40    32
  893    16     9
  894    98    91
  895    60    68
  896    92    86
  897    81    83
  898    61    67
  899    60    64
  900    87    92
  901    48    55
  902    15    23
  903    86    81
  904    78    78
  905    60    61
  906    19    20
  907    53    48
  908    32    42
  909    40    39
  910    84    89
  911    72    72
  912    71    65
  913    64    61
  914   103    93
  915    81    72
  916    73    74
  917    60    68
  918    86    76
  919    27    29
  920    15    20
  921    86    85
  922    17    13
  923    42    47
  924    36    37
  925    30    29
  926    89    95
  927    87    97
  928    28    27
  929    60    64
  930    76    77
  931    84    84
  932    13    16
  933    99    92
  934    61    52
  935    21    18
  936    65    75
  937    43    37
  938    60    65
  939     1     4
  940    15    14
  941    86    80
  942    28    37
  943    34    26
  944    63    56
  945    13     9
  946    78    71
  947    75    67
  948    55    57
  949    35    38
  950     1     6
  951    20    19
  952    20    27
  953    21    27
  954    36    41
  955     9    19
  956    75    85
  957    61    70
  958    60    56
  959    11    13
  960    41    43
  961    87    86
  962    75    74
  963    81    86
  964    82    91
  965    17    10
  966    82    90
  967   107    97
  968     8    15
  969    11     5
  970    76    84
  971    80    71
  972    41    38
  973    37    32
  974    34    39
  975    42    47
  976    33    42
  977     9     5
  978    19    18
  979    64    60
  980    84    88
  981    41    44
  982    37    33
  983    24    32
  984    76    77
  985    87    82
  986    48    43
  987    35    37
  988     1     1
  989    22    31
  990   108    98
  991    11     7
  992    55    51
  993    61    61
  994    59    64
  995    93    95
  996    75    70
  997    56    52
  998    20    10
  999    74    75
 1000    32    39
2004
