100
    1    68    76
    2     3     4
    3    17    14
    4    52    51
    5    32    28
    6    61    62
    7    90    97
    8     7    16
    9    91    89
   10    25    18
   11    46    52
   12    95    87
   13    62    60
   14   108   100
   15    48    53
   16     1     1
   17   103    93
   18    36    44
   19    64    69
   20    23    26
   21    20    25
   22    37    36
   23    58    68
   24    12     7
   25    67    69
   26    61    60
   27    49    42
   28    65    68
   29    14    10
   30   106    99
   31    35    34
   32    28    24
   33    37    36
   34    34    41
   35    63    56
   36    91    81
   37    26    24
   38    97    93
   39    95    88
   40    73    67
   41    53    43
   42    44    50
   43    90    94
   44    62    70
   45    17    23
   46    88    95
   47     9    14
   48    29    38
   49    87    95
   50    58    48
   51    51    47
   52    49    48
   53    50    57
   54    11    12
   55    61    65
   56    31    28
   57    43    33
   58    59    59
   59    85    76
   60    37    42
   61    71    81
   62    97    91
   63    49    56
   64    73    71
   65    76    80
   66    66    56
   67    76    77
   68    48    43
   69    32    36
   70    79    74
   71     1     6
   72    23    22
   73     1     2
   74    39    47
   75    74    64
   76    70    61
   77    70    79
   78     3     7
   79    50    53
   80    27    27
   81    11    14
   82    60    54
   83    44    39
   84    96    90
   85    60    50
   86    81    82
   87    58    52
   88    92   100
   89    25    22
   90    43    47
   91    54    57
   92    80    89
   93    76    73
   94    82    88
   95    97    96
   96    69    61
   97    78    69
   98    84    81
   99    47    44
  100    30    32
268
