1000
    1    41    36
    2    35    32
    3    82    74
    4    92    91
    5    25    28
    6    90    94
    7    71    69
    8    74    80
    9    47    49
   10     8    14
   11    49    56
   12    79    75
   13    31    40
   14    96   100
   15    66    61
   16    91    93
   17    33    37
   18    84    76
   19    99    97
   20   105    98
   21    64    57
   22    86    96
   23    88    96
   24    79    71
   25    83    89
   26    88    84
   27    11    10
   28    31    28
   29    34    42
   30   100    99
   31    25    30
   32    36    28
   33    48    40
   34    87    77
   35     6     8
   36    32    41
   37    98    96
   38    80    77
   39    52    60
   40    62    59
   41    32    27
   42    55    62
   43    34    38
   44     1    10
   45    80    75
   46     9     3
   47    13    18
   48    85    90
   49   107    99
   50    23    24
   51    39    47
   52    56    60
   53   103    97
   54    56    52
   55    55    45
   56    45    44
   57     3    13
   58    14    23
   59    45    36
   60    93    90
   61    49    49
   62     9    19
   63    28    28
   64    38    35
   65    15    12
   66    19    12
   67    34    37
   68    50    59
   69    11    16
   70    22    18
   71    54    50
   72     6     2
   73     1     6
   74    92    91
   75    76    84
   76   100    97
   77    21    15
   78    87    95
   79    12     5
   80    20    23
   81    13    14
   82    18    14
   83    39    39
   84    74    70
   85    11    10
   86    66    66
   87    41    44
   88    40    48
   89    67    58
   90    99    99
   91    63    57
   92    67    65
   93    23    13
   94    18    28
   95    77    84
   96    44    37
   97    15    13
   98    30    29
   99     1     4
  100    79    76
  101    27    37
  102     6     4
  103    49    50
  104    76    68
  105    74    69
  106    77    74
  107    58    67
  108    22    19
  109    29    19
  110    41    45
  111    10    15
  112    77    71
  113    27    21
  114    70    65
  115    70    77
  116    69    67
  117    61    59
  118     1     1
  119    94    85
  120    56    65
  121    31    32
  122    71    77
  123    52    60
  124    96    87
  125    43    53
  126    56    63
  127    17    12
  128    21    20
  129    67    63
  130    88    91
  131    32    22
  132    88    93
  133    87    79
  134    50    60
  135    14    13
  136     6     2
  137    43    33
  138    31    27
  139    44    46
  140    85    80
  141     5     3
  142     9    13
  143    33    27
  144    53    51
  145    86    81
  146    27    34
  147    38    38
  148    65    75
  149    75    77
  150     7     2
  151    49    49
  152     4    13
  153     1     6
  154    64    72
  155    74    78
  156    38    40
  157    43    42
  158    92    87
  159    50    46
  160    80    73
  161    94    93
  162    98    91
  163    88    82
  164    32    42
  165     2     1
  166     1     6
  167     9     3
  168    38    28
  169   100    94
  170    91    97
  171    23    15
  172    16    22
  173    28    29
  174    22    26
  175    75    71
  176    26    31
  177     7    14
  178    12    21
  179     3    10
  180    15    12
  181    43    43
  182    50    57
  183    44    48
  184    48    40
  185    47    49
  186    79    69
  187    56    50
  188    54    57
  189    27    36
  190     5     1
  191    40    50
  192   102    95
  193    44    36
  194    69    76
  195    10     9
  196    50    46
  197    77    68
  198    18    10
  199    37    39
  200    38    45
  201     1     3
  202    84    93
  203    51    51
  204    63    63
  205    27    23
  206    86    93
  207     6    12
  208    36    42
  209    48    55
  210    52    57
  211    43    44
  212    23    16
  213    39    39
  214     9     5
  215    11     6
  216    44    51
  217    81    76
  218    26    32
  219    76    73
  220    96    98
  221    84    74
  222    80    81
  223     5     9
  224    77    80
  225     1     8
  226    85    92
  227     6     3
  228    20    25
  229    29    31
  230    10    15
  231    47    41
  232    62    66
  233    91    93
  234    50    46
  235    83    93
  236    60    56
  237    96    93
  238     8     9
  239    83    85
  240    29    29
  241    37    33
  242    53    47
  243     1     5
  244    43    39
  245    13    10
  246    21    15
  247    38    30
  248    18    14
  249    51    56
  250    42    48
  251    55    51
  252    23    23
  253    11    21
  254     8    18
  255    19    15
  256   106    97
  257   104   100
  258    19    28
  259    26    19
  260    25    33
  261    36    31
  262     8     9
  263    57    47
  264    88    79
  265    59    63
  266    71    74
  267    78    70
  268    39    44
  269    82    77
  270    27    23
  271    99    92
  272    22    31
  273    50    40
  274    28    35
  275    16     9
  276    56    62
  277    13     3
  278    78    74
  279    58    61
  280    66    64
  281    77    85
  282    64    74
  283    44    47
  284    47    43
  285   102   100
  286    71    77
  287    91    95
  288    71    61
  289     8     5
  290    36    31
  291    35    30
  292    10    12
  293    92    96
  294    88    98
  295    33    23
  296   109    99
  297    91    90
  298    63    62
  299    49    46
  300    51    44
  301    13    20
  302    32    39
  303    84    82
  304    39    45
  305    86    83
  306     1     4
  307    94    91
  308   101    93
  309    80    88
  310    41    47
  311    23    26
  312    48    38
  313    71    70
  314    86    94
  315    77    74
  316    69    74
  317     5     9
  318     4     5
  319     1     6
  320    78    77
  321    42    34
  322    96    87
  323    35    44
  324    79    82
  325    64    69
  326    20    27
  327    73    70
  328    35    27
  329    81    86
  330   103    97
  331    67    76
  332    90    83
  333    69    61
  334    43    52
  335    60    62
  336    59    55
  337    35    39
  338    73    83
  339    70    68
  340    65    68
  341    21    25
  342    74    78
  343     7     2
  344     3     4
  345    36    28
  346    34    39
  347    82    80
  348    63    66
  349    20    21
  350    21    23
  351    50    48
  352    74    84
  353     1     8
  354    57    48
  355    21    24
  356    13    17
  357    89    91
  358    47    39
  359    60    55
  360    65    62
  361    29    34
  362    35    33
  363    73    81
  364    40    50
  365    91    86
  366    74    67
  367    63    53
  368    59    60
  369    27    19
  370    73    67
  371    42    44
  372    74    66
  373    15    24
  374    21    30
  375    50    56
  376     6    13
  377    97    95
  378    85    86
  379    29    36
  380    75    77
  381    35    39
  382    73    63
  383    74    80
  384    83    87
  385    53    55
  386    42    43
  387    92    91
  388    81    86
  389    37    46
  390    27    28
  391    91    91
  392    40    41
  393    21    27
  394    36    46
  395    70    72
  396     1     5
  397    28    24
  398    77    68
  399    25    26
  400    19    17
  401    66    60
  402    36    45
  403    35    26
  404    55    47
  405    63    66
  406    68    68
  407    28    34
  408    60    70
  409    46    42
  410    34    34
  411    61    67
  412     6    15
  413     8     5
  414    17    25
  415     1     7
  416    66    70
  417    25    23
  418    37    40
  419    78    68
  420    78    84
  421     9    13
  422    63    55
  423    92    93
  424    78    72
  425    23    16
  426    79    69
  427     1     2
  428    55    64
  429    84    94
  430     1    10
  431    36    35
  432    48    58
  433    11     6
  434     1     1
  435    21    23
  436    38    41
  437    93    98
  438     6    16
  439    54    62
  440    34    43
  441    23    22
  442    22    32
  443    65    72
  444     8    10
  445    31    39
  446    49    40
  447    86    81
  448    91    93
  449    54    59
  450     6    11
  451    64    57
  452    43    33
  453   100    93
  454    88    91
  455    80    78
  456   108    98
  457    48    39
  458    92    82
  459    20    23
  460    80    82
  461    20    17
  462    15    14
  463    64    73
  464    61    62
  465    81    76
  466    24    14
  467    86    82
  468    93    90
  469    96    86
  470    17    13
  471    66    68
  472    64    59
  473     4     2
  474    36    44
  475     1     8
  476    68    67
  477    90    83
  478    14     8
  479    47    49
  480    29    39
  481    89    91
  482    92    83
  483     8     3
  484    31    38
  485    50    45
  486    53    57
  487    52    62
  488     2     8
  489    85    77
  490    75    65
  491    51    51
  492     1     3
  493    98    89
  494    28    27
  495    87    87
  496    73    78
  497    24    23
  498    40    33
  499    46    56
  500    96    86
  501    78    75
  502    55    48
  503    18    17
  504    68    63
  505    90    91
  506    33    33
  507    49    43
  508    22    17
  509   104    95
  510    96    87
  511    34    32
  512    88    92
  513    88    88
  514    88    84
  515    13     9
  516    22    14
  517    25    22
  518    29    33
  519    55    65
  520    77    82
  521    73    73
  522    62    65
  523    52    48
  524    89    84
  525    12    13
  526     1     6
  527     2    11
  528    80    86
  529    20    27
  530    46    53
  531    18    21
  532    87    86
  533    17    20
  534    57    53
  535   107    97
  536    56    58
  537    99    93
  538    16    12
  539    25    24
  540    39    42
  541    72    75
  542    40    46
  543    16     9
  544    63    54
  545    60    58
  546     7     8
  547     6    13
  548    67    70
  549    29    36
  550    88    82
  551    96    94
  552    22    15
  553     3     9
  554    83    75
  555    16    25
  556     8     5
  557    53    54
  558    91    91
  559    30    38
  560    44    45
  561    19    27
  562    14    15
  563    62    68
  564    64    58
  565     8    18
  566    35    39
  567    37    31
  568     5     1
  569    54    55
  570     5     1
  571   110   100
  572    41    47
  573    51    44
  574    29    36
  575     3     9
  576    35    39
  577    43    37
  578    36    29
  579    74    75
  580     4    14
  581    79    78
  582    19    29
  583    76    77
  584    88    92
  585    39    41
  586    70    74
  587    95    88
  588    16    26
  589   105    99
  590    11    13
  591    99    99
  592    70    75
  593    41    36
  594    18    15
  595    98    94
  596    81    85
  597    69    73
  598    35    30
  599    40    36
  600    39    32
  601    15     6
  602    61    51
  603     1     6
  604    81    79
  605    88    86
  606    62    71
  607    30    24
  608    70    71
  609    13    20
  610    55    59
  611    94   100
  612    88    97
  613    45    45
  614     3    10
  615    73    64
  616    54    44
  617    25    19
  618    87    83
  619    64    70
  620    64    74
  621    84    81
  622    63    53
  623     1     3
  624    40    30
  625    12     5
  626    68    61
  627    73    66
  628    36    37
  629    84    92
  630    38    28
  631    17    20
  632    64    70
  633    28    26
  634    41    31
  635    17    24
  636    11     3
  637    59    49
  638    71    68
  639    39    29
  640    18    15
  641    60    60
  642    35    31
  643    34    24
  644    53    56
  645   100    97
  646    84    80
  647    82    81
  648    86    84
  649    74    72
  650    23    30
  651     1     3
  652    65    62
  653    62    56
  654    69    67
  655    83    85
  656    11     4
  657    15     7
  658    65    64
  659    91    98
  660    37    39
  661    80    84
  662    57    59
  663    57    54
  664    29    32
  665     7     6
  666    68    72
  667    96    87
  668     2     3
  669    68    68
  670     6     6
  671    20    13
  672    84    83
  673    87    88
  674    69    77
  675    74    79
  676    24    34
  677    10     1
  678    87    80
  679    55    64
  680   103   100
  681    22    31
  682    72    74
  683    17    14
  684    21    21
  685    71    67
  686    76    70
  687    34    27
  688    37    33
  689    27    34
  690    78    88
  691    73    75
  692    18    26
  693    32    24
  694    19    15
  695    85    95
  696    13     5
  697    93    91
  698    75    79
  699    69    62
  700    80    86
  701    35    39
  702    96    86
  703    23    31
  704    93    94
  705    32    29
  706    33    37
  707    96    96
  708    99    97
  709    59    66
  710    91    81
  711    43    46
  712    62    63
  713    77    70
  714    51    56
  715    91    92
  716    74    80
  717    92    95
  718    91    87
  719    81    82
  720    83    75
  721    48    45
  722    57    47
  723    21    12
  724    83    91
  725    91    82
  726    29    37
  727    88    98
  728    30    34
  729    67    76
  730   105   100
  731    93    83
  732    55    53
  733    64    71
  734    34    24
  735    60    56
  736    62    62
  737    99    95
  738    10    10
  739    44    47
  740    63    66
  741    14    15
  742     7    16
  743    50    47
  744    47    42
  745    63    54
  746    43    47
  747    35    44
  748    19    23
  749    81    84
  750    72    69
  751    63    65
  752    88    87
  753    55    45
  754    31    22
  755    52    59
  756    10     1
  757    68    59
  758    23    25
  759    53    44
  760    26    19
  761    22    15
  762    64    70
  763     8     3
  764    45    35
  765    70    80
  766    24    31
  767     1     8
  768    70    72
  769    46    37
  770     1     5
  771    41    34
  772    83    76
  773    94    85
  774    55    49
  775    40    46
  776    95    85
  777    69    66
  778    12    16
  779    45    39
  780   107    97
  781    84    77
  782    11     5
  783    57    54
  784    26    24
  785    44    54
  786    57    56
  787    25    28
  788    83    78
  789    44    42
  790    78    83
  791    86    89
  792    86    84
  793    48    41
  794    88    94
  795     6    13
  796    87    85
  797     6    14
  798    66    76
  799    84    82
  800    63    54
  801     1     4
  802    46    41
  803    85    83
  804    73    77
  805    35    36
  806    82    91
  807     4     1
  808    59    67
  809    22    27
  810    61    51
  811    43    45
  812    95    99
  813    27    19
  814    78    71
  815     8    10
  816   100   100
  817    58    67
  818    81    87
  819    31    21
  820    55    47
  821    14    21
  822    64    74
  823    69    61
  824    83    92
  825    66    57
  826    23    24
  827    65    62
  828    33    35
  829    76    80
  830    52    54
  831    53    44
  832    25    24
  833    61    67
  834    47    39
  835    21    22
  836    51    57
  837    65    67
  838    91    87
  839    39    33
  840    97    93
  841    49    41
  842    63    63
  843    35    37
  844    55    53
  845    74    65
  846    64    74
  847    40    48
  848     5     8
  849    46    45
  850     8    12
  851    40    36
  852    71    75
  853    91   100
  854    30    35
  855    88    90
  856    84    91
  857    74    68
  858    17    19
  859    52    49
  860    73    68
  861    81    83
  862     7    11
  863   100    95
  864    72    82
  865    18    11
  866    43    50
  867     6     9
  868    43    42
  869    15     7
  870     5     9
  871    85    84
  872    73    66
  873    41    39
  874    92    85
  875    74    72
  876    18    22
  877    48    52
  878    16    11
  879    29    33
  880    47    51
  881    40    47
  882   107    98
  883    60    69
  884    59    60
  885    12    13
  886    96    97
  887    87    83
  888    62    62
  889     5    13
  890    34    32
  891    64    72
  892    57    49
  893    86    90
  894    36    40
  895    96    89
  896    36    39
  897    90    88
  898     4     8
  899    74    65
  900    78    73
  901   104   100
  902    68    60
  903    60    70
  904    28    19
  905    16    14
  906    87    81
  907    79    69
  908     5    11
  909    32    40
  910    43    50
  911    84    81
  912   108    98
  913    11     2
  914    12    22
  915     1     1
  916    49    39
  917    59    49
  918    43    37
  919    64    58
  920    35    29
  921    61    70
  922    67    62
  923    97    88
  924    66    74
  925    31    38
  926    89    88
  927    76    66
  928    35    32
  929    69    65
  930    41    42
  931   102    93
  932    35    37
  933    14    21
  934    52    57
  935    58    59
  936    59    64
  937    31    26
  938    44    34
  939    42    49
  940    45    55
  941    15     5
  942    58    58
  943    62    67
  944    36    33
  945     1     6
  946    56    64
  947    22    16
  948    92    94
  949    49    39
  950    63    67
  951    27    20
  952    34    36
  953    45    44
  954    24    14
  955    47    52
  956    66    70
  957    15    19
  958    15    21
  959     1     2
  960    23    24
  961    65    67
  962     8     7
  963    65    75
  964    34    24
  965    92    99
  966    57    55
  967     9    14
  968    24    32
  969     8    14
  970    93    85
  971   100   100
  972    51    47
  973    49    49
  974    16     8
  975    62    64
  976    88    83
  977    75    82
  978    58    59
  979    14     9
  980    50    49
  981     1     9
  982     1     6
  983    17     9
  984    85    78
  985    17    19
  986    68    64
  987    95    86
  988    81    78
  989    72    76
  990    62    55
  991    55    60
  992    10     4
  993    13     6
  994    23    13
  995    22    20
  996    66    75
  997    90    89
  998    91    95
  999    19    28
 1000    67    64
4525
