1000
    1     7     6
    2     3     4
    3     4     4
    4     2     1
    5     9     8
    6     1     2
    7     6     7
    8     6     6
    9     8     9
   10     9     8
   11     2     2
   12     6     7
   13     9    10
   14     9    10
   15     4     3
   16     1     1
   17     4     3
   18     5     4
   19    10     9
   20     6     6
   21     6     5
   22     7     6
   23     7     8
   24     6     7
   25    10     9
   26    11    10
   27     3     2
   28     8     8
   29    11    10
   30    10     9
   31     5     4
   32     5     4
   33     7     6
   34     1     1
   35     7     6
   36     2     1
   37     3     4
   38     4     3
   39     9     8
   40     7     7
   41     4     3
   42    10    10
   43     3     4
   44    11    10
   45     3     3
   46     4     5
   47     5     4
   48     8     8
   49     6     5
   50     9     8
   51     8     7
   52     9     8
   53     6     7
   54     1     2
   55     4     5
   56     8     8
   57     4     3
   58     9     9
   59     6     6
   60     3     2
   61     1     1
   62     1     1
   63     5     6
   64     1     1
   65     9    10
   66     7     6
   67     6     7
   68     2     3
   69     5     6
   70     3     4
   71     7     6
   72     3     2
   73     1     2
   74     8     7
   75     5     4
   76     1     1
   77     9     9
   78     6     7
   79     3     3
   80     7     7
   81     4     4
   82     4     4
   83     8     9
   84    10    10
   85    11    10
   86     1     2
   87     2     2
   88    11    10
   89     2     2
   90     6     7
   91     7     7
   92     9     9
   93     3     3
   94     8     8
   95     7     6
   96     1     1
   97     9     9
   98     1     1
   99     4     4
  100     3     2
  101     1     1
  102     6     6
  103     6     6
  104    10    10
  105     8     7
  106     9    10
  107     1     1
  108     3     3
  109     6     7
  110     7     7
  111     2     3
  112     9     9
  113     3     3
  114     2     3
  115     2     3
  116    10     9
  117     4     5
  118    10     9
  119     7     7
  120     4     3
  121     1     2
  122     8     7
  123     8     8
  124     8     7
  125     2     3
  126     6     7
  127    11    10
  128     8     8
  129     1     1
  130     1     1
  131     6     6
  132     8     7
  133     8     9
  134    11    10
  135     4     5
  136     7     8
  137     4     5
  138     1     1
  139    10    10
  140     1     2
  141     7     7
  142     1     1
  143     1     1
  144     2     1
  145     6     7
  146     8     8
  147     9     8
  148     4     5
  149     6     5
  150    11    10
  151    10     9
  152     8     9
  153     1     2
  154     9    10
  155     3     2
  156     7     8
  157     3     2
  158     1     1
  159     8     8
  160     5     5
  161     7     7
  162     4     5
  163     4     4
  164     3     2
  165     7     7
  166     3     4
  167     9     9
  168     6     6
  169    10    10
  170     2     1
  171     2     1
  172    10    10
  173     6     5
  174     1     2
  175    10     9
  176     1     1
  177     4     4
  178     5     5
  179     6     6
  180    11    10
  181     4     5
  182     4     5
  183    11    10
  184     3     4
  185     1     1
  186     6     5
  187     4     4
  188     7     7
  189     5     4
  190     1     1
  191    10    10
  192     1     1
  193     5     6
  194     8     8
  195     2     1
  196     5     4
  197     7     6
  198     5     6
  199     3     3
  200     1     1
  201     2     1
  202     6     7
  203     3     3
  204     7     7
  205     3     3
  206     5     5
  207     4     4
  208     4     4
  209     4     3
  210     4     5
  211     2     2
  212    11    10
  213     8     9
  214     1     1
  215     5     4
  216     9     9
  217     2     2
  218     3     4
  219     3     3
  220     5     6
  221     5     4
  222     9     9
  223     4     3
  224    10    10
  225     5     4
  226    10    10
  227     2     3
  228     8     9
  229     8     9
  230     1     1
  231     9     9
  232    11    10
  233     2     1
  234     7     6
  235     2     1
  236     7     6
  237     1     1
  238     1     1
  239     4     5
  240     4     5
  241     6     5
  242     3     3
  243     7     7
  244     4     3
  245     9     8
  246     1     1
  247    10    10
  248     8     8
  249    10    10
  250     9    10
  251     7     7
  252     3     3
  253     1     1
  254     3     2
  255     1     1
  256     2     3
  257    11    10
  258     4     4
  259     4     5
  260     3     3
  261     1     1
  262     3     3
  263     7     7
  264     6     7
  265     6     5
  266     1     2
  267     3     2
  268     2     2
  269     9     9
  270     5     5
  271    11    10
  272     8     9
  273     7     6
  274     4     3
  275     4     3
  276     4     4
  277     8     7
  278    10    10
  279     7     7
  280     9    10
  281     4     3
  282     4     4
  283     4     3
  284     2     3
  285     2     2
  286     8     7
  287     8     9
  288     7     7
  289     7     7
  290     1     1
  291     4     4
  292     3     4
  293     3     4
  294     9    10
  295     1     1
  296     6     5
  297     8     8
  298     2     2
  299     2     2
  300     3     2
  301     7     6
  302     9     9
  303     7     8
  304     1     1
  305     8     7
  306     1     2
  307     7     7
  308     9     9
  309     7     8
  310     5     5
  311     9    10
  312     3     2
  313     5     6
  314     6     6
  315     8     8
  316     3     2
  317     9     9
  318     1     1
  319     3     4
  320     4     3
  321     2     2
  322     3     3
  323     6     6
  324     5     6
  325     4     5
  326     4     5
  327    11    10
  328     8     9
  329     3     4
  330     4     5
  331     9    10
  332     5     5
  333     7     7
  334    10    10
  335     2     2
  336     5     5
  337     6     5
  338     8     7
  339     4     4
  340     7     6
  341     5     5
  342     2     2
  343     3     4
  344     2     2
  345     2     2
  346    10     9
  347    11    10
  348    10    10
  349     4     5
  350     1     1
  351     3     4
  352     8     8
  353     3     4
  354     5     4
  355    11    10
  356     6     7
  357     7     7
  358     8     9
  359     8     9
  360     8     8
  361     2     2
  362     6     7
  363     1     1
  364     7     8
  365     4     4
  366     2     1
  367     4     3
  368     5     4
  369     2     1
  370     6     5
  371     3     2
  372     8     8
  373     8     8
  374     6     6
  375     6     6
  376     2     3
  377     5     5
  378     6     6
  379     8     8
  380     6     7
  381     6     7
  382     4     5
  383     3     4
  384     2     3
  385     2     1
  386     8     9
  387     1     1
  388     8     8
  389     7     8
  390     7     8
  391    10     9
  392     8     9
  393     4     3
  394     9    10
  395     6     6
  396     6     7
  397    11    10
  398     3     2
  399     7     8
  400     5     5
  401     9     8
  402     5     5
  403     1     2
  404     3     3
  405     5     6
  406    10    10
  407     9     8
  408    10    10
  409     8     8
  410     8     8
  411    10     9
  412     1     1
  413     2     3
  414     5     5
  415     4     5
  416     3     4
  417     1     1
  418     9     8
  419     6     6
  420     3     2
  421    10     9
  422     1     1
  423     4     3
  424     9    10
  425    10    10
  426     6     5
  427     9     8
  428     3     4
  429     7     8
  430     1     2
  431     3     3
  432     7     6
  433     9    10
  434     4     3
  435    10     9
  436    10     9
  437     8     8
  438    10    10
  439     5     6
  440     3     3
  441     7     8
  442    10    10
  443     2     2
  444     3     4
  445     6     5
  446     2     2
  447     6     7
  448     2     1
  449     6     5
  450     2     3
  451     6     7
  452     8     7
  453    10     9
  454     5     5
  455    10    10
  456     4     4
  457     6     5
  458     7     6
  459     7     7
  460     7     8
  461     9     9
  462     3     2
  463     9     9
  464     6     6
  465     1     2
  466     7     8
  467     9    10
  468     5     6
  469     3     2
  470     6     5
  471     5     6
  472     2     1
  473     6     6
  474    11    10
  475    10    10
  476     4     3
  477     1     1
  478    10    10
  479     2     3
  480     3     3
  481     6     5
  482     4     5
  483     9     9
  484     1     2
  485     5     5
  486     4     5
  487     9    10
  488     7     8
  489     8     9
  490     1     1
  491     1     1
  492     2     3
  493     8     7
  494     2     1
  495     1     1
  496     8     8
  497    10     9
  498     2     3
  499     3     2
  500     2     2
  501    10     9
  502    11    10
  503     4     5
  504     6     5
  505     5     5
  506     6     7
  507     6     7
  508     6     7
  509     7     7
  510     2     3
  511    10    10
  512     8     8
  513     4     4
  514     9     8
  515     2     1
  516    11    10
  517     7     6
  518     1     1
  519     5     5
  520     4     4
  521     6     5
  522     1     1
  523     9    10
  524     4     4
  525     5     5
  526     5     4
  527     6     7
  528     3     2
  529     7     7
  530     9     9
  531     8     7
  532     7     6
  533     5     4
  534     8     9
  535     4     3
  536     4     4
  537     1     1
  538     9    10
  539     9    10
  540     9    10
  541     3     3
  542     6     6
  543     6     5
  544     3     4
  545    10    10
  546    11    10
  547     9     9
  548     7     6
  549     7     8
  550     7     8
  551     8     8
  552     3     3
  553     1     1
  554     5     5
  555     7     7
  556     9     9
  557     7     6
  558     7     7
  559     9     8
  560     8     7
  561     4     5
  562     5     5
  563     5     6
  564     6     6
  565     9    10
  566     3     3
  567     4     5
  568     6     5
  569     5     5
  570     8     7
  571     3     2
  572     9     9
  573     6     6
  574    10    10
  575     6     5
  576     2     3
  577     7     7
  578     6     7
  579     6     7
  580     9    10
  581     1     2
  582     9     9
  583     8     9
  584    10    10
  585     3     3
  586     9    10
  587     3     2
  588     3     2
  589     2     3
  590     7     7
  591     2     3
  592     3     3
  593     3     2
  594     9     9
  595     3     2
  596     8     9
  597     5     5
  598    11    10
  599     8     8
  600     8     8
  601     9     8
  602     6     5
  603     2     2
  604     1     1
  605    10    10
  606     8     9
  607     6     6
  608     1     1
  609    10    10
  610     2     1
  611     9     8
  612     4     3
  613     2     3
  614     7     6
  615    10    10
  616     4     4
  617     6     7
  618     1     1
  619     9     8
  620     3     4
  621     8     9
  622    10     9
  623     8     7
  624     9    10
  625     1     1
  626     8     7
  627     7     6
  628     1     1
  629     8     8
  630    11    10
  631     3     4
  632     5     4
  633     6     6
  634     5     5
  635     7     6
  636     3     3
  637     4     3
  638     8     8
  639     2     1
  640     3     3
  641    10    10
  642     3     3
  643     9     8
  644     7     8
  645     3     3
  646     6     6
  647     1     1
  648     4     4
  649     7     6
  650     9    10
  651     5     5
  652     3     2
  653    11    10
  654     6     7
  655     7     7
  656     7     6
  657     2     1
  658     9     8
  659    11    10
  660     3     3
  661    10    10
  662     2     1
  663     6     6
  664     9     8
  665     9     8
  666     9     8
  667     8     9
  668     8     9
  669     4     4
  670     1     2
  671     8     9
  672     6     5
  673     3     2
  674     9     9
  675     8     9
  676     4     4
  677     2     1
  678     3     4
  679     4     4
  680     8     8
  681     2     3
  682     6     6
  683     3     2
  684     1     1
  685     5     5
  686     9    10
  687     1     1
  688     4     3
  689     4     4
  690     7     8
  691     8     7
  692     9    10
  693     2     2
  694     4     5
  695     9     9
  696     1     1
  697     3     3
  698     1     1
  699     1     2
  700     4     4
  701     4     3
  702    11    10
  703     2     1
  704     1     2
  705     8     7
  706     9     9
  707     6     6
  708    10     9
  709     1     2
  710     8     7
  711     1     2
  712     6     5
  713     3     4
  714     7     6
  715     9    10
  716     6     6
  717     5     5
  718     3     3
  719     3     2
  720     8     9
  721     5     5
  722    10     9
  723     8     8
  724     1     1
  725     9     8
  726     5     5
  727     4     4
  728     9     8
  729     7     8
  730     3     2
  731     2     3
  732     6     7
  733     3     3
  734    10    10
  735     1     2
  736     5     6
  737     1     1
  738     8     8
  739     4     5
  740     6     6
  741     8     9
  742     3     2
  743     2     3
  744     7     6
  745    10    10
  746     5     5
  747    10    10
  748     6     7
  749    10    10
  750     7     7
  751     1     1
  752     9     9
  753     8     7
  754     7     6
  755     2     1
  756     1     1
  757     9     9
  758    10     9
  759     3     4
  760     1     1
  761    10     9
  762     9     8
  763     9     9
  764     4     3
  765     3     2
  766     2     3
  767    11    10
  768     5     6
  769     2     3
  770     4     5
  771    10    10
  772     9     8
  773     8     7
  774     7     7
  775     5     4
  776     1     1
  777     8     8
  778     5     4
  779     4     5
  780     8     9
  781     4     5
  782     2     3
  783    10    10
  784     3     4
  785     3     4
  786     2     2
  787     3     2
  788    11    10
  789    10    10
  790    10     9
  791     8     9
  792     3     2
  793     6     7
  794     5     6
  795     2     1
  796     1     1
  797     4     4
  798     1     2
  799     2     2
  800     3     4
  801     3     2
  802     9     9
  803     1     1
  804    10     9
  805     3     2
  806     8     7
  807     8     9
  808     5     5
  809     1     1
  810     6     5
  811     6     5
  812     5     5
  813     3     3
  814     8     9
  815     3     2
  816     3     4
  817     4     3
  818    10     9
  819     1     1
  820     1     1
  821     6     7
  822     3     2
  823     4     3
  824     8     8
  825     1     1
  826     8     8
  827     9     8
  828     1     1
  829     2     2
  830     7     6
  831     5     4
  832    11    10
  833     6     7
  834     7     7
  835     3     2
  836     8     7
  837     6     5
  838     5     5
  839     2     3
  840     4     5
  841     5     5
  842     1     1
  843     2     1
  844     4     3
  845     5     5
  846     7     8
  847     9     8
  848     4     4
  849     8     9
  850     8     8
  851     5     6
  852     8     7
  853     7     8
  854    10     9
  855     7     6
  856     6     7
  857     7     8
  858     2     1
  859     5     5
  860     6     6
  861     8     7
  862     1     1
  863     3     3
  864     3     4
  865     1     1
  866     5     6
  867     2     1
  868    10    10
  869     1     1
  870     4     5
  871    11    10
  872     1     2
  873     7     7
  874     8     9
  875     4     4
  876     3     4
  877     7     8
  878     5     5
  879     1     1
  880     1     1
  881     5     5
  882     4     4
  883     8     7
  884     2     2
  885     2     1
  886     1     1
  887    10     9
  888    10    10
  889     3     3
  890     3     4
  891     5     6
  892     6     5
  893     5     6
  894     1     2
  895     1     1
  896     8     7
  897     4     4
  898     5     6
  899     3     3
  900     8     9
  901     3     4
  902    10    10
  903     9    10
  904     4     5
  905     1     2
  906     4     3
  907     2     1
  908     4     5
  909    11    10
  910    10    10
  911     3     3
  912    10    10
  913     9    10
  914    11    10
  915     7     7
  916     6     7
  917     6     5
  918     7     7
  919     5     4
  920     3     3
  921     1     2
  922     3     2
  923     7     6
  924     5     4
  925    10    10
  926     3     4
  927     3     2
  928     8     8
  929     4     3
  930    11    10
  931     4     5
  932     2     1
  933     8     9
  934     3     3
  935     7     7
  936     1     2
  937     7     6
  938     8     8
  939     3     3
  940     1     1
  941     4     5
  942     2     2
  943     6     5
  944     1     1
  945     7     8
  946     9    10
  947     7     6
  948     4     4
  949     8     9
  950     6     7
  951     9     8
  952     9     8
  953    10    10
  954     6     6
  955     5     6
  956     2     2
  957     8     9
  958    10     9
  959     9    10
  960    11    10
  961     2     1
  962     2     1
  963     3     3
  964     7     8
  965     9     9
  966     3     3
  967    11    10
  968     9     8
  969     5     6
  970     4     3
  971     7     6
  972     8     9
  973     5     5
  974     3     4
  975    11    10
  976     1     1
  977    11    10
  978     7     7
  979     1     1
  980     1     1
  981     6     7
  982     7     8
  983     7     7
  984     9     8
  985     1     1
  986     5     6
  987     9     8
  988     7     6
  989     9    10
  990     8     9
  991     7     8
  992     1     2
  993     9    10
  994     6     5
  995    10    10
  996     1     1
  997    10     9
  998     8     7
  999     6     6
 1000     4     4
275
