100
    1    79    83
    2    64    63
    3    10     9
    4     1     6
    5    60    67
    6    54    61
    7    81    76
    8    62    63
    9    60    60
   10    80    77
   11    76    67
   12    85    90
   13    17     7
   14    84    75
   15    86    84
   16    31    32
   17    88    88
   18    24    31
   19    35    40
   20     1     5
   21    19    24
   22   102    95
   23     6    15
   24    43    42
   25    14    20
   26    99    91
   27    20    29
   28    77    75
   29   103    97
   30    79    86
   31    91    93
   32    23    15
   33    65    63
   34   102    92
   35    89    95
   36    66    76
   37    83    91
   38    54    56
   39    79    79
   40    72    74
   41     6     6
   42     7     9
   43     1     1
   44    29    37
   45    57    50
   46    11    14
   47    25    29
   48    82    77
   49     3    10
   50    77    79
   51    29    22
   52    32    31
   53    84    76
   54    63    55
   55    95   100
   56    43    51
   57    84    80
   58    91    94
   59    57    59
   60    65    65
   61    63    56
   62   103    98
   63    52    59
   64    67    70
   65    62    67
   66    25    23
   67   104    96
   68    47    42
   69    35    35
   70    78    69
   71    67    65
   72    54    45
   73    19    17
   74     1     6
   75    62    55
   76   104   100
   77    92    94
   78    14    22
   79    86    92
   80    90    86
   81     9     1
   82    79    73
   83    33    26
   84    44    49
   85    77    69
   86    26    21
   87    76    71
   88   101    99
   89    81    73
   90   107    98
   91    31    32
   92    88    84
   93     9    16
   94    46    55
   95    18    11
   96    46    44
   97    50    52
   98    56    56
   99    47    51
  100    35    39
443
