100
    1    10     9
    2     3     3
    3     1     1
    4     6     6
    5     2     1
    6     4     3
    7     7     8
    8     8     7
    9    11    10
   10     7     7
   11     7     7
   12     4     4
   13     2     3
   14     4     3
   15    10    10
   16    10    10
   17     9     8
   18     6     7
   19     7     8
   20     5     5
   21     6     6
   22     8     9
   23     4     3
   24     3     2
   25     5     6
   26     1     1
   27     2     3
   28     2     1
   29     2     3
   30     3     2
   31     3     3
   32     2     3
   33     7     7
   34     8     8
   35     8     7
   36     7     6
   37     7     7
   38    11    10
   39     5     5
   40     2     2
   41     7     8
   42     8     9
   43     6     5
   44     4     3
   45     7     6
   46     7     8
   47     7     7
   48    10     9
   49     8     8
   50     8     7
   51     2     2
   52     2     3
   53    11    10
   54     1     1
   55     3     2
   56     3     3
   57     5     6
   58     4     4
   59     2     3
   60    10     9
   61     5     4
   62     2     2
   63     2     3
   64     3     2
   65     4     3
   66     2     1
   67     5     6
   68     4     4
   69     9     9
   70    10     9
   71     6     7
   72     1     1
   73     4     5
   74     9     8
   75     6     5
   76     1     2
   77     3     4
   78    11    10
   79     3     2
   80     7     8
   81     8     7
   82     3     3
   83     1     2
   84    10     9
   85     9     9
   86     2     3
   87     5     5
   88     9     9
   89     2     1
   90     5     6
   91     1     2
   92     6     6
   93     2     2
   94     1     1
   95    10     9
   96     7     8
   97     5     6
   98     8     8
   99     8     7
  100     3     3
11
