1000
    1   384   476
    2    55   104
    3   871   814
    4   480   551
    5   935   928
    6   410   462
    7   845   897
    8   909   816
    9   387   289
   10   197   118
   11   818   752
   12   564   487
   13   440   360
   14   324   400
   15   247   153
   16   858   801
   17   275   193
   18   412   444
   19   697   669
   20   754   826
   21     1    25
   22   446   436
   23   140   168
   24   118   107
   25   376   369
   26   482   460
   27   376   342
   28   116    68
   29   614   610
   30   184    99
   31   314   334
   32    40    24
   33    53   136
   34    91    41
   35   672   656
   36   770   781
   37     1    24
   38   173   193
   39   119    88
   40   145    67
   41   537   443
   42   831   750
   43   211   194
   44   153   170
   45   562   523
   46   948   895
   47   466   414
   48   304   238
   49   277   195
   50   316   348
   51   384   347
   52   731   748
   53   617   657
   54   147   112
   55   468   565
   56   350   428
   57  1024   933
   58   389   359
   59   642   576
   60   289   342
   61   874   881
   62   767   791
   63   298   356
   64   377   471
   65   213   280
   66   188   256
   67   272   177
   68   785   843
   69   622   536
   70   648   574
   71   468   506
   72   198   122
   73   207   202
   74   405   347
   75   117   164
   76   900   861
   77   628   679
   78   173   207
   79   596   653
   80    76   127
   81   675   714
   82   372   354
   83   468   439
   84   172   190
   85   636   650
   86   906   982
   87   189   252
   88  1016  1000
   89   676   622
   90    16    47
   91   648   657
   92   617   689
   93   321   273
   94   713   788
   95   146   196
   96   515   561
   97   442   469
   98   488   581
   99   756   744
  100   478   432
  101   644   561
  102   912   876
  103   731   686
  104   960   900
  105   219   197
  106    54    70
  107   523   611
  108   172   103
  109   696   787
  110   394   337
  111   952   983
  112   578   659
  113   281   293
  114   857   813
  115   591   673
  116   397   399
  117   699   715
  118   811   789
  119   982   997
  120   669   713
  121   327   292
  122   872   877
  123   627   648
  124   442   507
  125   633   553
  126   367   467
  127   856   840
  128   384   288
  129   658   671
  130   562   511
  131   234   246
  132   665   757
  133   191   219
  134   201   260
  135     7     5
  136   932   858
  137     2    45
  138   431   471
  139   176   170
  140   863   912
  141   249   207
  142   742   781
  143   494   411
  144   803   811
  145   454   437
  146   425   518
  147   150    98
  148   492   415
  149   107    85
  150   498   470
  151   202   249
  152   882   949
  153   157    62
  154   614   600
  155   763   702
  156   262   188
  157   252   242
  158   725   771
  159   834   798
  160   908   905
  161   120   117
  162   574   575
  163   815   794
  164   656   562
  165   216   117
  166   742   734
  167   948   999
  168    67    76
  169   568   490
  170   343   381
  171   525   551
  172   621   690
  173   845   805
  174   598   602
  175   325   339
  176   756   711
  177   917   914
  178   318   405
  179   805   826
  180   612   560
  181   692   735
  182   669   745
  183   159   200
  184   336   364
  185   554   501
  186   126   185
  187    70    34
  188   396   477
  189   561   644
  190   203   141
  191   395   350
  192   567   471
  193   526   536
  194   875   908
  195   369   341
  196    69   134
  197   683   616
  198   479   546
  199   682   763
  200   657   721
  201   377   331
  202   959   897
  203   560   563
  204   306   267
  205   122   203
  206   438   345
  207     1     4
  208   550   454
  209   525   563
  210   923   945
  211   536   632
  212   205   240
  213    20    99
  214    63   141
  215   514   594
  216   243   279
  217     9    72
  218   804   784
  219   714   813
  220   445   446
  221   492   494
  222   952   889
  223   487   513
  224   658   640
  225   978   944
  226     7    40
  227   442   503
  228   469   449
  229   812   819
  230   376   431
  231   686   689
  232   572   610
  233   868   801
  234   381   386
  235   441   461
  236   775   756
  237   349   361
  238    91    41
  239   777   865
  240   926   945
  241   912   905
  242   227   323
  243   297   357
  244   171   263
  245   432   518
  246   380   411
  247   853   910
  248   566   518
  249   377   440
  250    25    20
  251   445   367
  252   842   863
  253   748   761
  254   561   542
  255   778   751
  256   429   493
  257   202   180
  258   335   344
  259   832   815
  260   152   173
  261   260   311
  262     1    13
  263  1065   987
  264   894   847
  265   853   795
  266     1     2
  267   990   902
  268     1    12
  269    27     9
  270   126    75
  271   335   400
  272   436   479
  273   324   236
  274   551   523
  275    10    33
  276   243   174
  277   845   787
  278   793   730
  279   454   517
  280   646   680
  281   932   853
  282   188   134
  283   796   783
  284   168   103
  285   409   412
  286   389   397
  287   271   359
  288   196   157
  289   580   637
  290   627   711
  291   896   974
  292   959   864
  293   353   324
  294   145   230
  295   326   351
  296   802   855
  297   610   538
  298   859   862
  299   771   822
  300    22    12
  301   142    96
  302   182   239
  303   753   778
  304   530   521
  305   756   707
  306   427   512
  307   537   627
  308   428   389
  309   199   128
  310   977   995
  311   590   510
  312   887   862
  313   619   566
  314   386   446
  315   935   998
  316   262   342
  317   509   449
  318   816   741
  319   972   874
  320  1042   993
  321   373   322
  322    63     3
  323   168   156
  324   661   746
  325   914   945
  326     1    15
  327   602   550
  328   973   899
  329   735   694
  330   786   745
  331    78   100
  332   225   195
  333    75    57
  334   735   660
  335   830   782
  336   887   815
  337   989   895
  338   598   507
  339   166   124
  340   450   356
  341   541   445
  342   229   142
  343   396   394
  344  1061   992
  345   262   292
  346   398   379
  347  1017   980
  348   680   590
  349   180    85
  350   314   231
  351   526   464
  352   118   208
  353    90     4
  354   317   364
  355   583   600
  356   496   557
  357   260   167
  358   549   499
  359   585   679
  360   956   938
  361   670   742
  362   745   737
  363    24    81
  364   248   258
  365   740   674
  366   380   331
  367   684   653
  368   531   464
  369    82   111
  370    39    35
  371   883   852
  372   293   218
  373   897   948
  374   233   266
  375   940   856
  376   204   133
  377   525   615
  378   298   286
  379   516   528
  380   459   517
  381   501   427
  382   207   235
  383   842   864
  384   135   163
  385   122   211
  386   789   859
  387    87    51
  388     1    78
  389   827   918
  390   735   808
  391   196   219
  392   316   269
  393   414   323
  394   707   750
  395   662   596
  396   391   377
  397   906   980
  398  1009   972
  399   837   838
  400   394   445
  401   299   388
  402    58    25
  403   354   442
  404   734   743
  405   940   866
  406    84   120
  407   180   218
  408   332   350
  409   510   558
  410   758   758
  411   295   339
  412    60    91
  413   724   713
  414   289   385
  415   399   355
  416   699   754
  417   857   791
  418   411   488
  419   705   756
  420   149   112
  421   305   229
  422   718   791
  423    66   113
  424   169   260
  425    95   140
  426   787   705
  427   494   478
  428   829   824
  429   777   838
  430   684   622
  431   273   363
  432     1    46
  433   609   670
  434   622   693
  435   361   279
  436   948   869
  437   507   498
  438   763   760
  439   274   326
  440   768   723
  441   417   418
  442  1013   980
  443   281   332
  444   705   754
  445   774   815
  446   185   152
  447     1    57
  448   269   301
  449   709   735
  450   684   763
  451   355   437
  452   337   297
  453    72   149
  454    79    55
  455   605   650
  456   724   814
  457    91    75
  458   795   866
  459   734   647
  460   783   718
  461   468   369
  462   476   442
  463    64    49
  464   882   906
  465  1007   972
  466   199   158
  467  1016   930
  468   481   506
  469   728   802
  470   947   865
  471   151   236
  472    59    91
  473   296   266
  474   449   400
  475   588   540
  476   308   223
  477    92    71
  478   469   520
  479   138   193
  480   490   403
  481   745   675
  482   245   195
  483   228   219
  484   441   442
  485   133    85
  486    23   105
  487    39    70
  488  1023   988
  489   887   909
  490   225   201
  491   405   391
  492   795   763
  493    37   117
  494   264   311
  495    32    11
  496   434   338
  497   367   399
  498   491   453
  499   752   772
  500   409   502
  501   347   379
  502   840   860
  503   227   285
  504   719   655
  505   312   255
  506     1    17
  507   939   907
  508     1    37
  509   457   487
  510   625   683
  511   764   860
  512  1038   948
  513   106   124
  514    46    48
  515   280   321
  516   970   930
  517   391   486
  518   360   261
  519   466   565
  520   862   814
  521    62    85
  522   546   541
  523   424   500
  524   746   824
  525   254   185
  526   951   974
  527   881   807
  528   864   782
  529   220   127
  530   666   609
  531   406   357
  532   612   626
  533   785   724
  534   438   409
  535   801   833
  536   182   134
  537   337   241
  538   852   880
  539  1035  1000
  540   211   290
  541   899   863
  542   667   646
  543   724   705
  544   475   554
  545    78    90
  546   325   300
  547   425   509
  548   254   226
  549   701   768
  550   587   618
  551   163   118
  552   149   203
  553     1    81
  554   496   415
  555   890   857
  556   940   949
  557   188   286
  558   404   407
  559   708   758
  560   358   357
  561   591   595
  562  1009   955
  563   431   396
  564   430   406
  565   822   790
  566    51    63
  567   941   975
  568   603   545
  569   666   615
  570   246   197
  571   789   692
  572   912   999
  573   320   416
  574   643   700
  575   929   985
  576   132    43
  577   876   957
  578   931   917
  579   285   367
  580    37    50
  581   830   762
  582   173    89
  583   379   329
  584   234   300
  585   807   753
  586   780   790
  587   153    92
  588   654   602
  589   426   403
  590   356   377
  591   372   463
  592    92   143
  593   637   612
  594   541   619
  595   444   362
  596   342   289
  597   915   825
  598   324   230
  599   384   408
  600   909   888
  601   519   458
  602   629   655
  603   381   342
  604   350   371
  605    55   130
  606    60   139
  607   653   716
  608   948   951
  609   163   220
  610   340   291
  611   811   768
  612   195   113
  613   163   173
  614   992   946
  615   338   320
  616   795   744
  617   156   247
  618  1001   971
  619   822   758
  620   883   974
  621   416   369
  622   816   749
  623   123   107
  624   846   910
  625   543   481
  626   367   297
  627   641   646
  628   915   901
  629   558   588
  630  1058  1000
  631   203   204
  632   491   394
  633   501   546
  634   616   655
  635   756   656
  636   568   583
  637   839   853
  638   590   668
  639   427   441
  640   739   703
  641    71    80
  642   442   343
  643   153   128
  644   722   768
  645   523   553
  646   198   276
  647   742   841
  648   727   664
  649    70    96
  650   914   870
  651   788   815
  652   100    42
  653   169   240
  654   812   867
  655   160    97
  656   541   456
  657   238   171
  658  1052   988
  659   835   930
  660   789   783
  661   477   480
  662   926   931
  663   570   666
  664   614   688
  665   895   918
  666   212   268
  667   119    39
  668   668   579
  669    10    64
  670   346   302
  671   719   729
  672   410   475
  673   179   112
  674   955   889
  675  1076   999
  676   151   214
  677   756   821
  678   532   464
  679     1     4
  680   732   708
  681    67    23
  682   456   486
  683   860   862
  684   877   941
  685   464   455
  686   302   330
  687   409   491
  688   268   333
  689   758   674
  690   671   588
  691   580   627
  692   177   130
  693  1028   932
  694    51    55
  695   873   819
  696   315   321
  697   793   823
  698   867   831
  699   581   582
  700   278   374
  701  1000   963
  702   128   130
  703   613   651
  704   823   842
  705   747   797
  706   857   809
  707   114    36
  708     1    29
  709   875   882
  710   367   357
  711   242   162
  712   252   155
  713   147   154
  714   558   596
  715   802   860
  716     1    16
  717    56    95
  718   215   203
  719   842   862
  720   883   959
  721   708   645
  722   133    99
  723   112    28
  724   288   291
  725   584   658
  726   872   845
  727   521   494
  728   903   998
  729   266   348
  730   427   432
  731   669   643
  732   664   737
  733   372   303
  734   857   800
  735   550   512
  736   330   286
  737   818   791
  738   295   238
  739   859   935
  740   552   546
  741   630   559
  742   234   332
  743   138   163
  744   812   886
  745     1    50
  746     1    55
  747   270   240
  748   861   907
  749   364   400
  750   314   317
  751   542   501
  752   117    99
  753   322   237
  754   720   686
  755   551   451
  756   495   501
  757   192   159
  758   369   389
  759   670   644
  760   206   231
  761   558   599
  762   451   438
  763   551   599
  764   174   203
  765   608   652
  766   775   863
  767   750   800
  768   216   196
  769    65    93
  770   276   265
  771   113   170
  772   716   808
  773   104    37
  774   619   637
  775   133    54
  776   255   261
  777   314   398
  778   635   664
  779   493   395
  780   831   829
  781   742   665
  782   988   953
  783   429   510
  784   980   924
  785   631   674
  786   931   832
  787   361   432
  788   346   390
  789   267   270
  790   525   479
  791   575   549
  792   775   852
  793   610   557
  794   399   346
  795  1061   961
  796   367   341
  797   808   754
  798   220   272
  799   646   682
  800   697   614
  801   604   552
  802   676   649
  803   706   691
  804   227   229
  805  1033   972
  806   117   167
  807   778   869
  808   579   615
  809   444   511
  810    50    55
  811   966   965
  812   183   135
  813   916   883
  814   360   319
  815    24   122
  816   918   904
  817   411   443
  818   109   159
  819   366   301
  820   579   591
  821    82    77
  822  1005   962
  823   762   713
  824   881   788
  825   989   921
  826   152   188
  827    29    58
  828   611   591
  829  1011   912
  830   226   306
  831   332   304
  832   824   820
  833   671   687
  834    80    47
  835   615   602
  836   210   257
  837   561   515
  838   158   155
  839   867   853
  840   877   965
  841   875   845
  842   883   971
  843   475   501
  844   735   713
  845   447   405
  846   685   758
  847   278   328
  848   720   744
  849   766   809
  850   327   348
  851   775   776
  852   548   487
  853   975   988
  854   267   359
  855   481   486
  856    19    47
  857   220   248
  858   606   611
  859   183   105
  860   389   296
  861   315   287
  862   861   951
  863   661   583
  864   301   374
  865    91   131
  866    88   146
  867   231   281
  868   561   630
  869   500   491
  870   391   305
  871   267   320
  872   525   622
  873   703   727
  874   703   629
  875   296   284
  876   746   834
  877    77   168
  878    10    55
  879   921   961
  880   781   811
  881   520   475
  882   284   254
  883   760   777
  884   274   232
  885   785   781
  886   701   741
  887   239   199
  888   706   670
  889  1024   973
  890   787   704
  891   247   176
  892   177   185
  893   282   286
  894   558   532
  895   872   801
  896   408   347
  897   672   684
  898   805   716
  899   672   573
  900   812   849
  901   282   244
  902   363   360
  903    91   110
  904   867   835
  905   674   702
  906   919   933
  907   462   401
  908   977   915
  909    91   180
  910   311   410
  911   616   613
  912    40   130
  913   542   570
  914   627   590
  915   206   257
  916   675   727
  917   204   245
  918    78   117
  919   285   194
  920   686   593
  921    90    22
  922   543   602
  923   596   556
  924   184   114
  925   162   150
  926   665   684
  927   133   222
  928   119   188
  929   198   113
  930   893   970
  931   561   505
  932   916   861
  933   781   749
  934   518   473
  935  1030   967
  936   108   172
  937   108    26
  938   859   898
  939   820   853
  940   675   651
  941   804   865
  942   418   382
  943   743   835
  944   167   101
  945   747   838
  946   204   220
  947   762   776
  948   372   414
  949   376   359
  950   486   487
  951   255   248
  952   468   368
  953   303   300
  954   570   546
  955   639   616
  956   821   722
  957   506   519
  958   432   509
  959   347   390
  960   721   720
  961   182    91
  962   179   151
  963   522   483
  964   176   168
  965   957   879
  966   555   483
  967   867   770
  968   890   928
  969   152   186
  970   388   453
  971   646   696
  972   883   899
  973   626   725
  974   532   524
  975   394   420
  976   583   611
  977   127   150
  978   334   367
  979    38   101
  980   811   781
  981   681   697
  982   490   458
  983   362   377
  984   346   258
  985    94   191
  986   588   496
  987   832   858
  988   806   706
  989   175    80
  990   943   959
  991   423   448
  992   636   592
  993  1028   930
  994   237   305
  995   871   940
  996   573   571
  997   678   689
  998   183   167
  999   427   496
 1000   600   504
24862
