100
    1     3     2
    2     3     4
    3     7     6
    4     1     1
    5     3     4
    6     6     6
    7     1     1
    8     3     4
    9     2     1
   10     3     4
   11     5     6
   12     8     9
   13     7     6
   14     9     8
   15     7     7
   16     1     1
   17     5     5
   18     2     2
   19     5     5
   20     9     8
   21     8     9
   22    11    10
   23     3     4
   24     1     1
   25     5     5
   26     3     4
   27     2     2
   28     1     2
   29     8     8
   30     4     5
   31    10    10
   32     7     8
   33     1     2
   34     4     3
   35    10    10
   36     1     1
   37     2     2
   38     1     1
   39     7     6
   40     6     7
   41     2     1
   42     2     2
   43    11    10
   44     7     6
   45     3     3
   46     6     7
   47     7     6
   48     1     2
   49     7     7
   50     3     2
   51     6     7
   52     3     2
   53     2     3
   54     9     8
   55     8     7
   56     3     4
   57     9     9
   58     2     1
   59    11    10
   60     1     2
   61     8     7
   62     1     1
   63    10    10
   64    10     9
   65     9     8
   66    10    10
   67     7     7
   68     2     1
   69     1     2
   70     6     6
   71     5     4
   72     7     8
   73     5     4
   74     5     5
   75     5     4
   76     8     7
   77     5     5
   78     4     3
   79     6     5
   80     5     5
   81    11    10
   82     4     4
   83     6     5
   84     9     8
   85     8     8
   86     8     8
   87     9     8
   88    10    10
   89     3     4
   90     6     7
   91     6     7
   92     8     7
   93     8     9
   94     3     4
   95     3     2
   96     2     1
   97     7     7
   98     2     3
   99    11    10
  100     7     8
15
