1000
    1     7     6
    2     4     4
    3     7     6
    4     2     1
    5     7     8
    6     9    10
    7     4     5
    8    10    10
    9     1     1
   10    10    10
   11    11    10
   12     1     1
   13     2     2
   14     7     8
   15     2     3
   16    10     9
   17     8     9
   18     1     2
   19     2     1
   20     2     2
   21     4     3
   22     6     6
   23    10    10
   24     3     3
   25    10     9
   26     6     6
   27     2     2
   28     8     8
   29     5     6
   30     1     1
   31     9     8
   32    10    10
   33    10    10
   34     3     3
   35     4     4
   36     1     1
   37     1     2
   38     9     9
   39     3     4
   40     8     7
   41     6     7
   42     6     6
   43     9     8
   44     3     2
   45     1     1
   46    10     9
   47     9     8
   48     5     6
   49     9     9
   50     4     4
   51     8     7
   52     4     4
   53     7     7
   54     2     2
   55     7     7
   56     2     2
   57     3     3
   58     5     5
   59     6     6
   60     5     4
   61     2     3
   62     3     3
   63     4     4
   64     8     7
   65     7     8
   66     1     2
   67     8     7
   68     6     7
   69     5     6
   70    10    10
   71     3     2
   72     5     4
   73     8     8
   74     2     1
   75     7     6
   76     4     5
   77     4     3
   78     9     9
   79     9     9
   80     1     1
   81     6     6
   82     4     4
   83     9     9
   84     7     8
   85     9     8
   86     7     6
   87     2     2
   88    11    10
   89     7     6
   90     6     5
   91     8     7
   92     2     3
   93     6     5
   94    11    10
   95     8     8
   96     3     3
   97     5     5
   98     4     3
   99     5     6
  100     5     6
  101     4     5
  102     8     8
  103     1     2
  104     3     2
  105     5     5
  106     4     4
  107     7     7
  108    10     9
  109     2     3
  110    10     9
  111     1     1
  112     4     5
  113     4     3
  114     9     9
  115     9     9
  116     2     1
  117     1     1
  118     8     7
  119     9     9
  120    10     9
  121     2     2
  122     8     7
  123     7     6
  124     6     7
  125     4     3
  126     8     9
  127     8     8
  128     5     6
  129    10     9
  130     1     1
  131    11    10
  132     2     1
  133     8     9
  134    10    10
  135     4     5
  136     3     2
  137     7     7
  138     4     5
  139     1     2
  140     3     4
  141     1     1
  142     8     7
  143     4     5
  144     9     9
  145     1     1
  146     3     4
  147     7     8
  148     2     3
  149     3     3
  150     5     6
  151     1     1
  152     4     3
  153     9    10
  154     8     8
  155     6     6
  156     5     4
  157    11    10
  158     6     5
  159     8     8
  160     6     7
  161     8     9
  162    10     9
  163     7     8
  164     3     2
  165     2     1
  166    10    10
  167     5     5
  168     5     4
  169     6     6
  170     4     5
  171     9     9
  172     9     8
  173     3     3
  174     9     8
  175     8     7
  176     1     1
  177     6     6
  178     1     1
  179     4     4
  180     8     8
  181    10     9
  182     3     3
  183     3     4
  184    10    10
  185     5     5
  186     4     3
  187     7     6
  188     8     7
  189     9    10
  190     1     1
  191     3     2
  192     4     5
  193     5     6
  194     7     8
  195     1     1
  196    10    10
  197     3     4
  198     4     4
  199     6     7
  200     5     5
  201     1     1
  202     2     1
  203     2     3
  204     1     1
  205     5     5
  206     7     7
  207     9     8
  208     6     6
  209     1     1
  210     3     3
  211     3     2
  212     5     4
  213    10     9
  214     5     5
  215     2     2
  216     7     7
  217     9     8
  218     9     8
  219     2     3
  220     2     2
  221     6     6
  222     7     7
  223     9     9
  224    11    10
  225     9    10
  226     6     6
  227     4     5
  228     2     3
  229     4     5
  230     9     9
  231     6     7
  232     4     4
  233     7     7
  234     7     6
  235     8     9
  236     7     6
  237     9     9
  238     2     3
  239     6     7
  240    10     9
  241     9     9
  242     9     9
  243     7     7
  244     7     7
  245     5     6
  246     4     5
  247     2     2
  248     5     4
  249     5     6
  250     3     2
  251     2     3
  252     3     3
  253     1     1
  254     4     4
  255     4     5
  256    10     9
  257    11    10
  258     2     2
  259     3     3
  260     4     5
  261     2     1
  262     7     7
  263     8     9
  264     4     5
  265     5     5
  266     8     8
  267     7     6
  268     7     8
  269     1     1
  270     9     9
  271     8     8
  272    10     9
  273    11    10
  274     1     1
  275    10     9
  276     4     4
  277     3     3
  278     3     4
  279     3     3
  280     5     6
  281     4     3
  282     4     4
  283     1     1
  284     2     3
  285     6     6
  286     7     7
  287     5     5
  288     1     1
  289     8     7
  290    10     9
  291     6     6
  292     5     4
  293    11    10
  294     2     2
  295     8     7
  296     4     3
  297     7     6
  298     4     4
  299    11    10
  300    10    10
  301     2     2
  302     8     7
  303     5     4
  304     9     9
  305     1     1
  306    11    10
  307     1     1
  308     4     5
  309     8     8
  310     3     3
  311     3     4
  312     7     6
  313    10    10
  314    10    10
  315     1     2
  316    10    10
  317     6     7
  318     7     7
  319    10    10
  320     8     9
  321     7     8
  322     1     1
  323     5     6
  324     9     8
  325     1     1
  326     4     5
  327     9    10
  328     2     3
  329     2     2
  330     3     3
  331     7     6
  332     4     5
  333     1     1
  334     6     6
  335    10    10
  336     2     3
  337     1     1
  338    10     9
  339     9     8
  340     5     6
  341     6     5
  342     6     6
  343     7     6
  344    11    10
  345     4     4
  346     7     7
  347     1     2
  348     7     6
  349     9     9
  350     9     9
  351     9    10
  352     2     2
  353     9    10
  354     1     2
  355     6     6
  356     4     5
  357     1     1
  358     8     9
  359     1     1
  360     5     4
  361    10    10
  362     1     1
  363     1     1
  364     5     6
  365     1     2
  366     4     3
  367     4     3
  368    11    10
  369     2     3
  370     1     1
  371     9     8
  372     9    10
  373     2     2
  374     2     2
  375     7     6
  376     3     3
  377     6     5
  378     7     6
  379     9    10
  380     6     7
  381     6     5
  382     5     5
  383     9    10
  384     8     9
  385     8     7
  386     4     5
  387     1     1
  388     8     8
  389    10    10
  390     9     8
  391     6     7
  392     4     5
  393     1     1
  394     5     6
  395     1     2
  396     6     7
  397     5     4
  398     4     4
  399     1     2
  400     2     3
  401     3     4
  402     3     3
  403    11    10
  404     9     9
  405     6     6
  406    10    10
  407     3     2
  408     9    10
  409     1     2
  410     3     2
  411     8     9
  412    10     9
  413     3     3
  414     4     5
  415     1     1
  416     7     8
  417     8     7
  418     5     6
  419     1     2
  420     9    10
  421     6     5
  422     8     7
  423     4     3
  424     7     8
  425     3     4
  426     2     1
  427     2     2
  428     3     4
  429     1     2
  430     6     6
  431     4     3
  432     4     4
  433     3     2
  434     6     7
  435     4     5
  436    10     9
  437     7     6
  438     7     6
  439     2     2
  440     4     3
  441     6     6
  442     5     6
  443     2     2
  444     9    10
  445     2     3
  446     2     2
  447     3     3
  448     1     1
  449     2     3
  450     5     5
  451    10     9
  452     9     9
  453     6     5
  454     6     7
  455     1     2
  456     1     2
  457     1     1
  458     1     2
  459    10     9
  460     1     2
  461     1     1
  462    10    10
  463     6     5
  464    11    10
  465     9     8
  466     4     4
  467     7     8
  468     2     2
  469    10    10
  470     9     9
  471     7     6
  472     1     1
  473     3     2
  474     3     4
  475     5     4
  476     8     9
  477     8     9
  478     1     2
  479     9     9
  480     5     5
  481    10     9
  482     6     7
  483     4     3
  484     6     6
  485     2     3
  486     4     5
  487     8     8
  488     7     6
  489     1     1
  490     6     7
  491     1     1
  492     1     1
  493     4     5
  494     7     7
  495     4     5
  496     9     8
  497     5     5
  498     5     5
  499    10    10
  500     9     8
  501     2     1
  502     1     2
  503     2     1
  504     6     7
  505     1     1
  506    10     9
  507     2     1
  508     6     7
  509    10     9
  510    10     9
  511     9     8
  512     5     4
  513     7     8
  514     2     2
  515     2     3
  516     5     4
  517     9    10
  518     9     9
  519     8     7
  520     4     4
  521     4     5
  522     7     7
  523     3     2
  524     7     6
  525     7     7
  526     5     4
  527     6     5
  528     7     8
  529     7     7
  530     8     7
  531     4     3
  532     7     6
  533     8     8
  534     7     7
  535     8     7
  536     2     2
  537     8     7
  538     8     8
  539     6     6
  540     8     8
  541     8     9
  542     8     8
  543     2     3
  544     4     4
  545     3     2
  546     5     4
  547     5     5
  548    11    10
  549     7     8
  550     3     4
  551     2     2
  552     9     9
  553     4     3
  554     6     7
  555     9     9
  556     4     3
  557     6     6
  558     6     5
  559     7     6
  560     9     9
  561     2     3
  562     6     5
  563     3     4
  564     4     4
  565     1     2
  566     8     9
  567     1     1
  568     2     1
  569     4     3
  570     4     3
  571     5     4
  572     1     1
  573     7     8
  574     1     2
  575     2     3
  576     6     5
  577    10     9
  578     5     5
  579     8     7
  580     5     6
  581     9     8
  582    10     9
  583     8     9
  584     6     6
  585     3     3
  586     5     6
  587     4     4
  588    10    10
  589     7     7
  590     1     1
  591     6     5
  592     2     3
  593    10    10
  594     4     3
  595    11    10
  596     4     3
  597     6     7
  598     2     2
  599     7     8
  600     3     4
  601     7     8
  602     7     7
  603     9     8
  604     3     3
  605     5     6
  606     6     5
  607     8     8
  608     2     1
  609    10    10
  610     2     1
  611     7     8
  612     1     1
  613     1     1
  614     9    10
  615     3     4
  616     5     6
  617     5     5
  618     7     7
  619     8     8
  620     5     6
  621     7     7
  622     6     5
  623     9     9
  624    10    10
  625     8     7
  626     6     5
  627     4     4
  628     6     7
  629     1     2
  630     2     2
  631    10    10
  632     7     6
  633     4     4
  634     8     9
  635     8     8
  636     4     3
  637     8     7
  638     8     8
  639     5     5
  640     3     3
  641     9     8
  642     4     5
  643     5     4
  644    10    10
  645     1     1
  646     3     4
  647     1     1
  648     7     6
  649     7     8
  650     2     2
  651     8     7
  652    11    10
  653     5     4
  654     8     7
  655     8     9
  656     8     8
  657     6     7
  658     3     2
  659     3     2
  660     9     9
  661     6     6
  662     4     3
  663     6     6
  664     5     6
  665     3     2
  666     3     2
  667     2     1
  668     3     3
  669     3     2
  670     7     8
  671     3     3
  672     8     7
  673     9     8
  674     2     3
  675     9     9
  676     3     2
  677     1     1
  678     6     6
  679     4     4
  680     7     6
  681     6     5
  682     9    10
  683     9    10
  684     1     1
  685     3     3
  686     2     2
  687     5     5
  688     4     3
  689     5     4
  690     7     8
  691     2     1
  692     5     4
  693    11    10
  694     2     3
  695     5     5
  696     9     9
  697     4     5
  698     3     3
  699     2     2
  700     5     4
  701     7     7
  702     5     4
  703     3     3
  704     2     2
  705     4     5
  706     2     3
  707     6     6
  708     1     1
  709    11    10
  710     6     5
  711    11    10
  712     6     7
  713     8     8
  714     6     6
  715     7     8
  716     9    10
  717     2     3
  718     8     9
  719     2     2
  720     2     3
  721     5     5
  722     8     9
  723     1     2
  724     3     3
  725     3     2
  726     2     3
  727    11    10
  728     5     4
  729    11    10
  730     4     4
  731     2     3
  732     9     9
  733     7     7
  734     8     8
  735     9     8
  736     8     8
  737     6     7
  738     5     4
  739     2     3
  740     3     4
  741     4     3
  742    10    10
  743     8     7
  744    11    10
  745     8     8
  746     2     1
  747     6     6
  748     2     3
  749     9     8
  750     6     7
  751    10     9
  752     1     1
  753     1     1
  754     1     2
  755     2     3
  756     1     1
  757     9     9
  758     6     5
  759     5     6
  760     3     3
  761     6     5
  762     8     8
  763     4     3
  764     4     3
  765     5     4
  766     4     5
  767     9    10
  768     8     8
  769    10     9
  770     4     3
  771     5     6
  772    11    10
  773     6     7
  774     5     5
  775     9    10
  776     6     7
  777    10    10
  778     4     4
  779     2     1
  780     2     3
  781     4     5
  782    10     9
  783     9     8
  784     2     2
  785     4     4
  786    10    10
  787     7     8
  788    10    10
  789     6     6
  790     6     5
  791     1     1
  792    10    10
  793     3     3
  794     7     8
  795     2     1
  796     5     5
  797     2     2
  798     5     6
  799     5     4
  800     7     6
  801     9    10
  802     7     7
  803     2     1
  804     1     1
  805     9     8
  806     4     3
  807     6     7
  808     2     3
  809     4     5
  810     1     1
  811     6     7
  812     4     3
  813     8     7
  814     6     5
  815     6     6
  816     7     6
  817     1     1
  818     1     1
  819     4     3
  820     6     5
  821     4     5
  822    10    10
  823     6     7
  824     4     4
  825     6     5
  826     2     2
  827     2     2
  828     4     5
  829     7     6
  830     7     8
  831     3     2
  832     5     6
  833     7     7
  834     8     7
  835     2     2
  836    10     9
  837     3     3
  838     1     1
  839     2     1
  840     5     5
  841    10     9
  842    10     9
  843     6     7
  844     3     3
  845     5     5
  846    11    10
  847     7     6
  848    10    10
  849     4     3
  850     4     4
  851     7     6
  852     8     7
  853     5     4
  854     4     3
  855     2     2
  856     1     1
  857     7     6
  858     3     3
  859    10     9
  860     4     4
  861    10     9
  862    10     9
  863     1     1
  864     9     8
  865     1     1
  866     1     2
  867     2     3
  868     9     8
  869     6     5
  870     1     1
  871     5     4
  872     9    10
  873     6     7
  874     5     5
  875     3     4
  876     6     6
  877     3     4
  878     6     7
  879    10     9
  880    10     9
  881     4     3
  882    11    10
  883     4     5
  884     5     4
  885     9     9
  886     5     5
  887     6     5
  888     8     8
  889     1     1
  890     5     6
  891     2     2
  892     2     3
  893     1     2
  894     1     2
  895     2     3
  896     4     5
  897     2     2
  898     2     2
  899     1     1
  900     4     3
  901     9     8
  902     3     2
  903    10    10
  904     2     1
  905    11    10
  906     6     5
  907     6     5
  908    10     9
  909    11    10
  910     9    10
  911     7     7
  912     3     4
  913     6     6
  914     6     6
  915     4     5
  916     6     5
  917     2     1
  918     8     7
  919     9    10
  920     6     5
  921     4     4
  922     3     2
  923     3     2
  924     5     4
  925     3     2
  926    10    10
  927     5     6
  928     5     4
  929     4     3
  930     8     8
  931     8     7
  932     2     3
  933     6     5
  934     8     9
  935     4     3
  936    11    10
  937     6     6
  938     5     4
  939     8     7
  940     8     9
  941     4     5
  942     4     4
  943     4     3
  944     1     1
  945    10    10
  946     5     6
  947     6     6
  948     3     4
  949     6     7
  950     8     9
  951     9     8
  952     3     2
  953     6     6
  954     7     8
  955     9    10
  956     1     2
  957    10     9
  958     6     7
  959     9    10
  960     4     4
  961     8     7
  962     4     5
  963     3     3
  964     2     2
  965     6     7
  966     2     1
  967     9     8
  968     6     6
  969    11    10
  970     2     3
  971     3     4
  972     4     3
  973     9     9
  974     9    10
  975     8     8
  976     8     9
  977     8     8
  978     6     5
  979     4     3
  980     1     1
  981     5     5
  982     8     8
  983     6     7
  984     7     8
  985     1     1
  986    10    10
  987     7     8
  988     3     4
  989     6     6
  990     2     3
  991     6     6
  992    10    10
  993     1     2
  994     6     5
  995    10    10
  996     7     7
  997    10     9
  998    10     9
  999     2     2
 1000     4     4
54
