1000
    1    68    76
    2     3     4
    3    17    14
    4    52    51
    5    32    28
    6    61    62
    7    90    97
    8     7    16
    9    91    89
   10    25    18
   11    46    52
   12    95    87
   13    62    60
   14   108   100
   15    48    53
   16     1     1
   17   103    93
   18    36    44
   19    64    69
   20    23    26
   21    20    25
   22    37    36
   23    58    68
   24    12     7
   25    67    69
   26    61    60
   27    49    42
   28    65    68
   29    14    10
   30   106    99
   31    35    34
   32    28    24
   33    37    36
   34    34    41
   35    63    56
   36    91    81
   37    26    24
   38    97    93
   39    95    88
   40    73    67
   41    53    43
   42    44    50
   43    90    94
   44    62    70
   45    17    23
   46    88    95
   47     9    14
   48    29    38
   49    87    95
   50    58    48
   51    51    47
   52    49    48
   53    50    57
   54    11    12
   55    61    65
   56    31    28
   57    43    33
   58    59    59
   59    85    76
   60    37    42
   61    71    81
   62    97    91
   63    49    56
   64    73    71
   65    76    80
   66    66    56
   67    76    77
   68    48    43
   69    32    36
   70    79    74
   71     1     6
   72    23    22
   73     1     2
   74    39    47
   75    74    64
   76    70    61
   77    70    79
   78     3     7
   79    50    53
   80    27    27
   81    11    14
   82    60    54
   83    44    39
   84    96    90
   85    60    50
   86    81    82
   87    58    52
   88    92   100
   89    25    22
   90    43    47
   91    54    57
   92    80    89
   93    76    73
   94    82    88
   95    97    96
   96    69    61
   97    78    69
   98    84    81
   99    47    44
  100    30    32
  101    66    61
  102    73    76
  103    83    86
  104   103   100
  105   101    97
  106    63    70
  107    13    11
  108     1     3
  109    89    87
  110    46    37
  111    82    83
  112    56    59
  113    99    93
  114     9    13
  115    63    73
  116    94    99
  117     5    15
  118    99    89
  119    91    97
  120    11    13
  121   100    92
  122    78    77
  123    57    48
  124     5     7
  125    46    53
  126    60    67
  127    50    40
  128    82    88
  129    73    71
  130     5    11
  131    49    46
  132    49    57
  133    24    19
  134    67    60
  135     7     5
  136    48    58
  137    47    45
  138    67    71
  139    70    70
  140     8    12
  141     7     7
  142    81    81
  143     4    11
  144    12    11
  145    27    37
  146    21    18
  147   105    98
  148    14    15
  149    92    85
  150    62    70
  151    47    49
  152    54    49
  153    58    62
  154    90   100
  155     1     2
  156    96    88
  157    43    42
  158    70    71
  159    92    98
  160     1     5
  161    23    17
  162    83    75
  163    97    94
  164    63    62
  165     8    17
  166    39    34
  167   108    99
  168    85    76
  169    93    90
  170    85    81
  171    52    51
  172    99    90
  173     6     5
  174     7     2
  175    37    39
  176    20    11
  177     5    14
  178     5     5
  179    35    26
  180    64    60
  181    28    35
  182    35    45
  183   104   100
  184    63    64
  185     3     1
  186    92    85
  187    28    34
  188    71    77
  189    39    44
  190    46    41
  191    41    50
  192    71    71
  193    35    36
  194     1     8
  195    45    41
  196    41    34
  197    26    16
  198    54    46
  199    63    63
  200    26    21
  201    41    31
  202    99    97
  203    66    63
  204    76    67
  205    12     3
  206    39    45
  207    10     4
  208    54    54
  209    58    63
  210    41    45
  211    38    32
  212    47    40
  213   101    99
  214    32    41
  215    95    94
  216    79    79
  217    63    72
  218    74    84
  219    10    13
  220    48    46
  221   101    94
  222    95    89
  223    11    13
  224    43    40
  225    54    44
  226    34    40
  227     1     3
  228    54    49
  229    21    19
  230    30    31
  231    95    89
  232    14    10
  233     8     1
  234    96    86
  235    68    61
  236    51    56
  237    70    61
  238    31    41
  239    58    65
  240    53    45
  241     3     5
  242    26    23
  243    48    57
  244    64    63
  245    16    18
  246    10    11
  247     1    10
  248    18    18
  249    31    40
  250    22    20
  251    76    67
  252    66    63
  253    54    61
  254    40    42
  255    48    51
  256    92    93
  257    87    80
  258    41    44
  259    20    15
  260    67    73
  261    20    11
  262    10    13
  263    96    87
  264    40    47
  265    90    95
  266     7     2
  267     3     2
  268    18    12
  269     3     9
  270    69    75
  271    98   100
  272    81    79
  273    46    36
  274    24    23
  275    34    33
  276    74    74
  277    91    87
  278    39    30
  279     8    17
  280    73    80
  281    57    53
  282    43    34
  283    78    83
  284    11     3
  285    12    12
  286   104    97
  287    52    59
  288    51    57
  289    31    37
  290    17    11
  291    68    74
  292    72    64
  293    20    24
  294    38    30
  295    41    51
  296    53    55
  297    44    38
  298    53    62
  299    19    22
  300    16    12
  301   103    96
  302    39    39
  303    80    78
  304    21    21
  305     8     7
  306    11    12
  307    24    27
  308    92    89
  309    24    28
  310   104    95
  311    15    10
  312    72    62
  313    62    66
  314    46    46
  315    95    98
  316    37    42
  317    55    49
  318    50    41
  319    76    74
  320    88    93
  321    13    22
  322     9     3
  323    56    56
  324    45    46
  325    35    45
  326    14    15
  327    57    50
  328   101    99
  329   102    94
  330    50    45
  331    90   100
  332    86    95
  333    48    57
  334    66    60
  335    85    82
  336    24    15
  337    99    95
  338    17     7
  339    27    24
  340    48    56
  341    42    45
  342    51    42
  343    99    94
  344    86    92
  345    86    92
  346    71    79
  347    81    80
  348    90    90
  349    78    85
  350    24    31
  351    66    64
  352    11     8
  353     1     4
  354    59    64
  355    92   100
  356    47    57
  357    76    67
  358   107    99
  359    75    79
  360    32    38
  361    36    42
  362    30    37
  363    87    81
  364    51    58
  365    77    74
  366    23    31
  367    63    53
  368    62    64
  369    12    11
  370    42    35
  371    44    52
  372    27    18
  373    48    48
  374    69    66
  375    53    56
  376    35    33
  377     9    15
  378    92    86
  379    34    28
  380    13    17
  381    35    27
  382    43    35
  383    63    64
  384    53    63
  385     9    11
  386    58    59
  387    60    51
  388    69    78
  389    14    18
  390    16     8
  391    23    19
  392    59    69
  393    21    23
  394    55    50
  395    87    96
  396    73    77
  397    81    80
  398    70    72
  399    28    38
  400    45    45
  401    92    88
  402    19    25
  403    47    42
  404    49    43
  405    71    66
  406    20    20
  407    19    18
  408    50    50
  409    49    58
  410    61    58
  411    46    39
  412    87    91
  413     3    13
  414    88    85
  415    51    55
  416    56    54
  417    82    91
  418    95    88
  419    53    56
  420    22    12
  421    30    29
  422    84    91
  423    17    13
  424    53    60
  425    40    40
  426    15     5
  427    73    78
  428    32    24
  429    34    38
  430    30    22
  431    63    63
  432    50    46
  433    72    70
  434    85    93
  435    86    79
  436    70    69
  437    92    98
  438    63    60
  439    19    26
  440    26    23
  441    14    18
  442    89    80
  443    26    32
  444    59    54
  445    13    15
  446    43    52
  447    65    57
  448     1     1
  449    39    35
  450    62    63
  451    45    37
  452    95    97
  453    41    49
  454    52    55
  455    44    50
  456    11    14
  457    70    75
  458    58    66
  459    50    47
  460     8    18
  461    75    69
  462    43    42
  463    49    49
  464     3     6
  465    74    72
  466    60    58
  467    23    30
  468     1     6
  469     1     2
  470    66    65
  471    38    36
  472    98    91
  473    66    66
  474    95   100
  475    37    40
  476    27    23
  477    77    71
  478    11    20
  479    89    93
  480     1     3
  481    67    75
  482   103    95
  483    28    19
  484    41    42
  485    82    85
  486     7     5
  487    69    70
  488    87    88
  489     1     9
  490     1     1
  491    87    91
  492    68    63
  493    15    17
  494     3    11
  495     5    11
  496    35    38
  497    97    99
  498    61    53
  499    67    72
  500    11     2
  501    89    79
  502    55    60
  503    81    85
  504    56    55
  505    49    55
  506    25    17
  507    12     7
  508    39    37
  509    90    87
  510    85    83
  511    57    60
  512    45    48
  513    15    24
  514    52    48
  515    25    21
  516    34    30
  517    93    86
  518    67    61
  519    71    65
  520    20    14
  521    92    85
  522    49    41
  523   108   100
  524    15    24
  525    91    85
  526    72    74
  527     1     7
  528    74    82
  529    18    27
  530    18     9
  531    67    57
  532    18    26
  533    28    24
  534     8     9
  535    40    33
  536    40    34
  537    38    41
  538    70    80
  539   108   100
  540    92    90
  541    69    63
  542    55    46
  543     6     5
  544    53    54
  545    93    90
  546   104   100
  547    12     9
  548    33    26
  549    64    68
  550    11    18
  551    12    18
  552     6     3
  553    74    81
  554     6    15
  555    51    57
  556    58    49
  557    84    86
  558    10     7
  559    62    58
  560    52    57
  561    88    95
  562    58    55
  563    86    96
  564     6     6
  565    83    90
  566    69    63
  567    74    75
  568    49    45
  569    18    15
  570    89    97
  571    90    92
  572    90    99
  573    13    16
  574    94   100
  575    95    85
  576    48    43
  577    48    57
  578    22    17
  579    60    67
  580    43    50
  581    55    62
  582    86    89
  583    34    29
  584   106   100
  585    50    53
  586    80    90
  587    96    92
  588     6     2
  589    11     3
  590    77    77
  591    68    63
  592    46    43
  593     7    12
  594    25    19
  595    60    62
  596    82    89
  597    19    25
  598    37    30
  599    14     8
  600    85    88
  601    62    58
  602    50    55
  603    42    42
  604    77    71
  605    27    30
  606    32    39
  607    22    16
  608    57    51
  609    14    20
  610    83    91
  611    60    68
  612     8    13
  613    81    73
  614    38    46
  615    20    20
  616    41    44
  617    40    47
  618    71    71
  619    65    58
  620    67    74
  621    74    69
  622    53    49
  623     2     7
  624     3    10
  625    71    81
  626   101    97
  627    41    46
  628     1     1
  629    94    88
  630    92   100
  631     6     4
  632    95    94
  633    55    46
  634    55    55
  635    54    56
  636    89    83
  637    48    53
  638    62    68
  639    39    41
  640     1     3
  641    77    80
  642    34    43
  643    35    28
  644    67    68
  645    53    53
  646    79    76
  647    35    41
  648    64    64
  649   106    96
  650    63    70
  651    15    15
  652    49    42
  653    44    40
  654    57    67
  655   100    97
  656    57    56
  657    81    71
  658    92    88
  659    28    30
  660    83    83
  661    86    80
  662    38    31
  663    75    66
  664    89    88
  665    22    18
  666    78    68
  667    47    39
  668    69    79
  669    67    64
  670     4     2
  671    22    29
  672    79    75
  673    19    12
  674    86    89
  675    89    99
  676    17    14
  677    28    21
  678    66    64
  679     7     4
  680     5     8
  681    16    23
  682    80    86
  683    57    62
  684    49    41
  685    52    55
  686    35    30
  687    93    91
  688    31    33
  689    77    74
  690    87    88
  691    22    27
  692    23    30
  693    29    32
  694    63    55
  695    10    19
  696    18    21
  697    26    23
  698    28    31
  699    84    82
  700    80    74
  701    67    63
  702    40    30
  703    52    51
  704    47    42
  705    95    97
  706     3     9
  707    30    36
  708    36    29
  709    87    82
  710    67    57
  711    67    62
  712    56    55
  713    50    54
  714    88    96
  715    62    60
  716    16    16
  717    95    95
  718     3     3
  719    54    62
  720    58    59
  721    54    45
  722    97    99
  723    28    28
  724    91    91
  725    59    58
  726    42    45
  727   103    94
  728    93    98
  729    41    48
  730    30    32
  731    42    43
  732    30    37
  733     1     3
  734    91   100
  735    20    12
  736    76    86
  737   100    91
  738    38    38
  739    28    35
  740    52    46
  741    58    59
  742    27    32
  743    68    63
  744    93    86
  745    50    50
  746    46    55
  747    46    40
  748    15     7
  749    94   100
  750     8    17
  751     1     1
  752    99    99
  753    38    37
  754    84    86
  755    52    51
  756     1     1
  757    50    59
  758    87    89
  759    46    44
  760    36    31
  761    94    99
  762    48    38
  763    93    99
  764     1     3
  765    50    52
  766    71    63
  767    98   100
  768    86    96
  769    95    93
  770    58    65
  771    76    70
  772    12     8
  773    32    37
  774    40    37
  775    46    54
  776    67    61
  777    89    98
  778    59    64
  779    91    95
  780    31    29
  781    61    65
  782    49    53
  783    13    10
  784    14    24
  785    76    74
  786    41    32
  787    39    32
  788    82    90
  789    70    70
  790    74    79
  791    57    49
  792    56    52
  793    47    57
  794    39    46
  795    68    61
  796    40    41
  797    51    54
  798    74    72
  799    85    82
  800    22    14
  801    53    52
  802    43    49
  803   100    91
  804    27    29
  805    82    72
  806    71    67
  807    68    69
  808     9    15
  809    10    11
  810    47    55
  811    75    65
  812    35    35
  813    77    83
  814    18    19
  815    29    22
  816    12     4
  817    35    43
  818    63    59
  819     6     1
  820    82    91
  821    73    77
  822    72    62
  823     8    13
  824    79    88
  825    14    21
  826    82    88
  827    62    58
  828    93    91
  829     3    12
  830    10     6
  831     1     4
  832    27    20
  833    80    87
  834    38    47
  835     1     2
  836    64    57
  837    22    15
  838    61    55
  839    55    53
  840    55    65
  841    51    45
  842    64    71
  843     1     1
  844     8    13
  845     1     5
  846    51    58
  847    35    28
  848    53    44
  849    17     9
  850    54    48
  851    66    76
  852    97    87
  853    96    88
  854    60    59
  855    93    86
  856    46    47
  857    50    48
  858     9    11
  859     2     5
  860    99    96
  861    85    87
  862    51    51
  863    77    83
  864    64    74
  865    36    31
  866    48    46
  867    76    81
  868    33    30
  869    88    91
  870     1     5
  871    21    20
  872    12    22
  873    21    27
  874    22    29
  875    75    84
  876    24    34
  877    76    68
  878    58    55
  879    69    61
  880    17    11
  881    72    75
  882    63    54
  883    72    77
  884    35    32
  885    79    81
  886    34    41
  887   100    99
  888    79    70
  889    64    73
  890     6     4
  891    84    76
  892    80    85
  893    82    86
  894    28    32
  895     1     1
  896    39    47
  897    90    84
  898    12    16
  899    67    73
  900    54    49
  901    40    44
  902    51    60
  903    12    10
  904    28    35
  905    10     2
  906    28    33
  907     1     1
  908     5    15
  909    75    80
  910    10    10
  911    22    13
  912    33    30
  913    78    70
  914    88    90
  915    57    57
  916    29    27
  917    49    45
  918    14    17
  919    89    94
  920    99    93
  921    24    22
  922     1     2
  923    48    56
  924    12    14
  925    41    50
  926    92    84
  927    29    22
  928    94    88
  929    14    13
  930    74    70
  931     1     5
  932    59    61
  933    57    49
  934    67    73
  935    73    67
  936    68    72
  937    36    26
  938   104    98
  939    44    53
  940    54    51
  941    55    65
  942    79    82
  943    27    35
  944     1     1
  945    28    38
  946    19    20
  947    68    76
  948    17    14
  949    49    59
  950    95    87
  951    46    48
  952    78    68
  953   100   100
  954    49    46
  955    15    16
  956    22    22
  957    27    19
  958    16     9
  959    86    90
  960    30    20
  961    86    91
  962    49    51
  963    80    83
  964    67    68
  965    76    79
  966    77    83
  967    77    70
  968    20    28
  969    85    86
  970    60    53
  971    94    96
  972    95    99
  973    34    25
  974    17    24
  975    24    20
  976     1    11
  977    51    50
  978    76    67
  979     1     1
  980    78    81
  981    93    97
  982    54    58
  983    86    77
  984    59    58
  985    87    91
  986    89    96
  987    62    58
  988     1     6
  989    85    80
  990    55    59
  991    38    48
  992    91    92
  993    23    30
  994     1     5
  995    46    40
  996    64    71
  997    84    89
  998    59    67
  999    93    96
 1000     4     4
2564
