1000
    1     6     5
    2     2     3
    3     1     1
    4     5     6
    5     5     5
    6     9     9
    7     3     4
    8     8     9
    9     9    10
   10     1     1
   11     6     5
   12     1     2
   13     9     9
   14     3     3
   15     4     4
   16    11    10
   17     3     4
   18     9     9
   19     3     2
   20     1     1
   21     3     2
   22     3     3
   23     8     7
   24     9     8
   25     2     2
   26     8     7
   27     1     1
   28     4     5
   29     4     3
   30     8     8
   31     6     7
   32     2     1
   33     8     9
   34     5     6
   35     2     3
   36     6     6
   37    10     9
   38     1     2
   39     7     7
   40     3     2
   41     3     2
   42     6     5
   43     8     7
   44    10     9
   45     9     8
   46     5     6
   47     5     5
   48     6     5
   49     7     6
   50     6     5
   51     1     2
   52     9     9
   53     4     4
   54     5     5
   55     9    10
   56     6     5
   57     9    10
   58     9    10
   59     8     7
   60     7     7
   61     8     8
   62     2     2
   63    10     9
   64     5     6
   65     5     5
   66     8     9
   67     7     6
   68     5     6
   69     3     3
   70     6     5
   71     8     9
   72     5     5
   73     3     3
   74     9    10
   75     6     5
   76     4     4
   77     7     8
   78     3     4
   79     7     8
   80     9    10
   81     2     3
   82     3     3
   83     8     8
   84     9     9
   85     8     9
   86     6     5
   87     1     1
   88     8     9
   89     9     9
   90     5     6
   91     2     2
   92     7     8
   93     7     6
   94     8     7
   95     4     3
   96     6     6
   97     9     8
   98     9     8
   99     2     1
  100     5     5
  101     7     6
  102     7     7
  103     7     7
  104    10     9
  105    10    10
  106     7     7
  107    11    10
  108     5     4
  109     9     8
  110     5     6
  111     9     8
  112     3     2
  113     1     2
  114     5     6
  115     5     6
  116     3     2
  117     6     6
  118     6     6
  119     3     2
  120    10    10
  121     4     5
  122     3     2
  123     6     5
  124     2     2
  125     5     4
  126     7     8
  127     7     7
  128     5     5
  129     7     8
  130     7     8
  131     2     1
  132     7     6
  133    10    10
  134     2     1
  135     6     6
  136     9     9
  137     9    10
  138     5     6
  139     7     7
  140     1     1
  141     1     2
  142     2     2
  143     2     2
  144     4     4
  145     5     6
  146     6     7
  147     6     5
  148     9    10
  149     4     4
  150    10     9
  151     9    10
  152     8     8
  153     5     5
  154     2     3
  155     8     7
  156     8     9
  157     3     3
  158     3     2
  159     4     3
  160     8     8
  161     3     4
  162     9    10
  163     5     5
  164     4     3
  165     9    10
  166     7     7
  167     9     8
  168     7     7
  169     6     7
  170    10    10
  171     8     8
  172     3     3
  173    11    10
  174     2     3
  175     2     2
  176     9    10
  177     7     7
  178     7     6
  179     9     9
  180     7     7
  181     5     6
  182     3     2
  183     3     3
  184     2     1
  185    10    10
  186    10    10
  187     6     5
  188     7     6
  189     4     5
  190     2     2
  191     9     9
  192    10    10
  193    10     9
  194     8     7
  195     3     2
  196     5     5
  197     8     9
  198     9     9
  199     3     4
  200     1     2
  201     2     2
  202     8     8
  203     5     4
  204     7     8
  205     2     2
  206     5     4
  207     7     7
  208     1     1
  209     4     4
  210     5     6
  211     4     3
  212     3     3
  213     2     2
  214     6     6
  215    10     9
  216     9     8
  217     6     7
  218     2     1
  219     4     4
  220     6     5
  221     5     5
  222     7     8
  223     6     6
  224     8     9
  225     4     3
  226     8     9
  227     6     6
  228     3     4
  229    10    10
  230     3     4
  231    10    10
  232     9     9
  233    11    10
  234     2     3
  235     6     6
  236     8     9
  237    11    10
  238     5     4
  239     6     6
  240     9    10
  241    11    10
  242     2     2
  243     1     2
  244     7     8
  245     1     1
  246     5     4
  247     7     7
  248     8     7
  249     1     1
  250     1     1
  251     9     8
  252     9     8
  253     3     2
  254     2     3
  255     3     2
  256     3     4
  257     7     7
  258     7     7
  259    11    10
  260     8     8
  261     3     2
  262     3     4
  263     3     2
  264     9    10
  265     6     6
  266     3     3
  267     3     3
  268     6     5
  269     9    10
  270     5     4
  271     9     9
  272     6     6
  273     9     9
  274     7     6
  275     4     4
  276     1     1
  277     5     4
  278     6     5
  279     4     4
  280     4     5
  281    10    10
  282     6     7
  283     8     8
  284     5     4
  285     6     7
  286     2     2
  287     3     4
  288     5     4
  289     5     4
  290     9     8
  291     2     3
  292     6     5
  293     7     7
  294     8     7
  295     9    10
  296     5     4
  297     4     5
  298     9     9
  299     3     3
  300     8     7
  301     9     9
  302     5     4
  303     6     5
  304     6     6
  305     3     2
  306     1     1
  307     9     8
  308     9    10
  309     2     1
  310     5     4
  311     8     9
  312     8     7
  313     3     3
  314     2     3
  315     6     5
  316     1     1
  317    11    10
  318     6     6
  319     9     9
  320    10    10
  321     2     1
  322     9     8
  323     1     1
  324     6     7
  325     5     6
  326     8     8
  327     1     1
  328     1     2
  329    10     9
  330     6     6
  331    10     9
  332     4     4
  333     7     8
  334     4     5
  335     9     9
  336     5     6
  337     7     6
  338     6     6
  339     3     3
  340     7     7
  341     3     2
  342     2     3
  343     6     7
  344     6     5
  345     2     1
  346     1     2
  347     4     5
  348     4     5
  349     5     4
  350    10    10
  351     3     3
  352    10     9
  353     4     5
  354     6     7
  355     1     1
  356     9     8
  357     7     6
  358     5     6
  359     3     4
  360     6     5
  361     9     9
  362     7     8
  363     7     8
  364     7     7
  365     9     9
  366     9     8
  367     9    10
  368     1     1
  369     1     2
  370     8     8
  371     8     9
  372     4     3
  373     8     7
  374     3     3
  375     6     7
  376     3     4
  377     2     2
  378    10     9
  379     9     9
  380    11    10
  381     2     2
  382     5     6
  383     9     9
  384     9    10
  385     5     6
  386     9     8
  387     5     4
  388     7     7
  389     1     1
  390     5     5
  391     9     8
  392     7     8
  393     5     4
  394     8     7
  395     1     1
  396     7     6
  397     5     5
  398     2     1
  399     2     1
  400     7     6
  401     9     9
  402     3     4
  403     1     1
  404     5     4
  405     8     9
  406     3     3
  407    10     9
  408     3     3
  409     1     1
  410     1     1
  411     9     8
  412     5     6
  413     6     6
  414    10    10
  415    11    10
  416     4     3
  417     7     8
  418     3     3
  419     6     7
  420     9     9
  421     9    10
  422    11    10
  423     7     8
  424     2     1
  425     7     7
  426     4     4
  427     2     3
  428     5     5
  429     8     7
  430    10     9
  431     5     4
  432     2     1
  433     4     5
  434     9    10
  435     7     8
  436    11    10
  437     5     5
  438     7     7
  439     4     3
  440     6     6
  441     2     3
  442     2     1
  443     5     5
  444     1     1
  445    10    10
  446     8     9
  447     3     4
  448     4     4
  449     4     4
  450     9    10
  451    11    10
  452     2     2
  453    10    10
  454     1     2
  455     4     3
  456     9     9
  457     6     6
  458     1     1
  459    11    10
  460     2     3
  461     3     2
  462     3     3
  463     3     2
  464     4     5
  465     2     3
  466     1     1
  467     9     9
  468     2     1
  469     4     3
  470     8     8
  471     3     3
  472     2     2
  473     1     1
  474     2     1
  475     6     7
  476    11    10
  477     5     4
  478     4     3
  479    10    10
  480     6     6
  481     6     6
  482     4     4
  483     8     8
  484     2     1
  485     5     4
  486     8     8
  487     4     5
  488     6     5
  489    10    10
  490     7     6
  491     5     4
  492    11    10
  493    11    10
  494    10    10
  495     2     2
  496     9     9
  497     9     8
  498     9     8
  499     7     7
  500    10     9
  501     5     4
  502     2     1
  503     9     8
  504    10    10
  505     2     2
  506     2     2
  507     6     6
  508     9    10
  509     7     6
  510     6     6
  511    10     9
  512     5     5
  513     4     5
  514     1     1
  515     5     4
  516     8     9
  517     1     1
  518     9     8
  519     6     6
  520     3     3
  521     2     2
  522     5     6
  523     3     3
  524     5     5
  525     3     2
  526     1     1
  527     3     4
  528     4     5
  529     7     6
  530     5     6
  531     4     4
  532     4     5
  533     6     7
  534     3     4
  535     3     2
  536     3     3
  537     8     8
  538    10     9
  539     9     9
  540     2     1
  541     7     6
  542     3     3
  543     9     8
  544     1     1
  545     1     1
  546     4     5
  547     9     8
  548     5     5
  549     8     7
  550     7     7
  551     9     9
  552     6     6
  553     9     8
  554     4     4
  555    11    10
  556     3     2
  557     8     7
  558     7     6
  559     6     5
  560     5     4
  561     3     2
  562     9    10
  563     8     7
  564     4     3
  565     2     1
  566     4     4
  567     6     6
  568     5     6
  569     5     4
  570     3     4
  571     6     7
  572     3     2
  573    10     9
  574     5     5
  575     5     6
  576     5     4
  577     7     6
  578     5     4
  579     6     6
  580     1     1
  581     8     9
  582     5     4
  583     7     6
  584     9     9
  585     9     8
  586     8     9
  587     2     1
  588     8     7
  589     1     2
  590     1     2
  591    10    10
  592     3     4
  593     8     9
  594     7     8
  595     8     9
  596    10    10
  597     7     8
  598     8     9
  599    10     9
  600     9     9
  601     7     7
  602     5     4
  603    10     9
  604     5     4
  605     7     7
  606     3     2
  607     3     3
  608     3     4
  609     3     3
  610     4     4
  611    10     9
  612     2     2
  613     3     2
  614     7     7
  615     2     1
  616    10     9
  617     1     2
  618     2     2
  619     3     3
  620     6     5
  621     6     6
  622     9     8
  623     2     2
  624     1     1
  625     8     8
  626     3     4
  627     8     7
  628     7     6
  629     6     5
  630     2     1
  631    10     9
  632     2     3
  633     7     7
  634     2     2
  635     8     7
  636     3     2
  637     8     8
  638     1     1
  639     5     4
  640     1     2
  641     5     5
  642     5     4
  643     8     9
  644     4     3
  645    11    10
  646     1     1
  647     3     4
  648     8     7
  649     4     5
  650     1     1
  651     8     8
  652     1     1
  653     1     1
  654     7     8
  655     1     2
  656     5     5
  657     7     8
  658     6     7
  659     8     9
  660     3     2
  661     6     5
  662     7     6
  663     2     1
  664     7     7
  665     9     9
  666     4     3
  667     3     4
  668    10    10
  669    10     9
  670     4     3
  671    11    10
  672     6     6
  673     6     7
  674     7     8
  675     6     6
  676     5     5
  677     6     6
  678     4     3
  679     6     7
  680     2     1
  681     9    10
  682     4     5
  683     7     7
  684    10    10
  685     9     8
  686     1     1
  687     5     4
  688     6     6
  689     8     9
  690     2     1
  691     7     6
  692     8     9
  693     8     9
  694     5     4
  695     9     8
  696     8     8
  697     3     2
  698     7     6
  699     2     3
  700    10     9
  701     6     6
  702     3     3
  703    10    10
  704     2     1
  705     7     6
  706     7     6
  707     8     9
  708     1     2
  709     5     5
  710     5     4
  711     4     5
  712     8     8
  713     4     5
  714     6     7
  715     7     7
  716     3     3
  717     7     6
  718     6     6
  719     8     7
  720    10    10
  721     8     8
  722     7     6
  723     4     3
  724     8     8
  725     2     1
  726     5     6
  727     8     9
  728     4     3
  729     3     3
  730     1     1
  731     3     4
  732     5     4
  733    11    10
  734     8     9
  735     2     1
  736     9     9
  737     3     2
  738    10     9
  739     4     4
  740     5     5
  741     3     2
  742     1     1
  743     4     4
  744     2     1
  745     6     5
  746     5     4
  747     9     9
  748     3     2
  749     6     5
  750     1     2
  751     8     8
  752     7     8
  753     5     6
  754     1     1
  755     5     6
  756     3     4
  757     3     2
  758     2     2
  759     6     7
  760     3     2
  761     9    10
  762     8     7
  763    11    10
  764     3     4
  765     5     5
  766     3     4
  767     9     9
  768    10     9
  769     1     2
  770     9     8
  771     1     1
  772     4     5
  773     5     4
  774     2     2
  775     6     5
  776     1     2
  777     2     1
  778     5     5
  779     4     4
  780     3     2
  781     5     6
  782     4     4
  783     4     5
  784     3     3
  785     6     7
  786     2     1
  787     2     1
  788     4     3
  789     9     9
  790     9    10
  791     7     6
  792    10     9
  793     9     8
  794     2     3
  795     7     6
  796     5     6
  797     1     1
  798     2     1
  799     9     9
  800     8     7
  801     3     3
  802     5     4
  803     4     4
  804     3     2
  805     4     3
  806     7     6
  807     3     4
  808     5     4
  809     3     2
  810     1     2
  811     9    10
  812     9    10
  813     4     4
  814     1     2
  815     7     7
  816     5     5
  817     8     8
  818     1     2
  819     3     2
  820     9     8
  821    11    10
  822    10     9
  823     5     6
  824     1     1
  825     2     2
  826     1     1
  827     9     9
  828     6     6
  829     2     3
  830     1     1
  831     2     1
  832     7     7
  833     7     6
  834     7     8
  835     8     7
  836     3     2
  837     6     6
  838     4     4
  839     1     2
  840     3     4
  841     8     8
  842     4     4
  843     8     8
  844     7     8
  845     5     6
  846     2     1
  847     8     7
  848     1     1
  849     3     2
  850     2     1
  851     8     7
  852    11    10
  853     3     3
  854     4     4
  855     3     3
  856     7     8
  857     2     1
  858     9     8
  859     4     4
  860     4     3
  861     1     2
  862     3     2
  863     8     8
  864     4     5
  865     5     4
  866     6     5
  867     4     4
  868     4     5
  869     5     6
  870     6     6
  871     8     7
  872     8     7
  873     3     2
  874    10    10
  875     4     3
  876     7     7
  877     7     7
  878     3     4
  879     9    10
  880     1     2
  881     3     4
  882     5     5
  883     8     8
  884     1     1
  885     4     4
  886    10    10
  887     3     4
  888    10     9
  889     9    10
  890    10     9
  891     4     3
  892     1     2
  893    10     9
  894     2     1
  895     9     8
  896     6     6
  897     4     3
  898     7     7
  899     3     4
  900     3     2
  901     4     5
  902     4     3
  903     1     1
  904     8     8
  905     1     1
  906     9    10
  907     7     8
  908     1     2
  909    10     9
  910    10     9
  911     2     2
  912     5     5
  913     1     1
  914     4     3
  915     2     2
  916     3     4
  917     9     8
  918     7     6
  919    10     9
  920    11    10
  921     6     5
  922     4     3
  923     8     7
  924     6     7
  925    10     9
  926     5     5
  927     6     7
  928     8     7
  929     3     4
  930     6     7
  931     4     4
  932     6     6
  933     3     2
  934     2     2
  935     8     8
  936     4     5
  937     7     7
  938     6     5
  939     4     4
  940     5     4
  941    10    10
  942     7     7
  943     5     6
  944     7     6
  945    10     9
  946     2     1
  947     6     7
  948     8     7
  949     8     8
  950     6     6
  951    10     9
  952     6     7
  953     7     7
  954     2     1
  955     8     9
  956     4     5
  957    10    10
  958     7     6
  959     4     3
  960     4     3
  961     7     6
  962     5     4
  963     7     6
  964     1     1
  965    11    10
  966    11    10
  967     8     7
  968     4     5
  969     5     5
  970     5     4
  971     1     1
  972     8     8
  973     1     2
  974    10     9
  975     8     7
  976     2     2
  977     6     5
  978     9     8
  979    11    10
  980     7     8
  981     4     4
  982     4     3
  983     3     2
  984     6     7
  985     1     2
  986     2     3
  987     8     7
  988     1     1
  989     1     1
  990     9     8
  991     8     7
  992     2     1
  993     1     1
  994     5     4
  995     6     5
  996     9    10
  997     3     2
  998    11    10
  999     4     5
 1000     8     9
218
