1000
    1   806   769
    2   869   893
    3   932   971
    4   909   996
    5    61   141
    6   522   563
    7   926   918
    8   572   517
    9   614   670
   10   495   507
   11   112    37
   12   111    84
   13   857   813
   14   275   373
   15    55    70
   16   395   470
   17   918   998
   18   713   657
   19   748   698
   20   352   295
   21   950   926
   22   522   529
   23   878   973
   24   939   872
   25   926   966
   26   675   681
   27     1     3
   28   702   761
   29   915   823
   30   486   512
   31   380   323
   32   326   333
   33   232   157
   34   522   438
   35  1008   917
   36  1011   986
   37    91   157
   38   843   830
   39    27    45
   40   306   312
   41   784   728
   42    99   139
   43   682   735
   44   773   703
   45   855   896
   46   878   828
   47   798   747
   48   524   499
   49   809   728
   50   311   217
   51    33    72
   52   390   313
   53   346   390
   54   142   221
   55    86    82
   56    96   153
   57   719   786
   58    25   124
   59   874   893
   60   411   419
   61   431   454
   62  1013   932
   63   794   753
   64   648   572
   65   413   493
   66   303   341
   67   838   806
   68   332   344
   69   896   989
   70  1079   979
   71   783   847
   72   878   951
   73   110   135
   74     1    88
   75   853   825
   76   802   722
   77   718   764
   78   529   540
   79   527   562
   80   936   868
   81   988   927
   82   873   783
   83   167   252
   84   353   379
   85   724   679
   86   457   443
   87  1045   985
   88   313   349
   89   151   171
   90   816   796
   91   157   182
   92   527   446
   93   346   382
   94   464   521
   95   151   129
   96   856   878
   97   881   786
   98   297   258
   99   501   437
  100   558   573
  101   667   742
  102     1    17
  103   847   851
  104   491   425
  105   765   794
  106   447   515
  107   897   808
  108   650   668
  109   628   560
  110   151   182
  111   124   148
  112   391   312
  113   266   234
  114   626   586
  115   781   694
  116   546   548
  117   971   920
  118   826   730
  119   751   794
  120   505   422
  121   619   601
  122   450   402
  123   258   189
  124   772   872
  125   910   854
  126   504   568
  127   620   661
  128   889   789
  129   453   452
  130   623   564
  131   493   427
  132   445   394
  133   551   600
  134   840   897
  135   728   722
  136   902   911
  137   227   242
  138     1    28
  139   299   223
  140   843   837
  141   250   236
  142    90   106
  143   709   624
  144   791   704
  145   554   602
  146   620   595
  147   809   879
  148   737   668
  149   361   354
  150    55   107
  151   327   302
  152   450   474
  153   402   467
  154   484   397
  155   597   619
  156     1    73
  157   891   927
  158   953   984
  159   370   323
  160   530   454
  161   543   522
  162   590   612
  163  1013   967
  164   377   303
  165   173   178
  166   621   715
  167   451   396
  168   475   561
  169   161   199
  170   117   106
  171     6    92
  172  1064   967
  173   215   138
  174   701   695
  175   556   616
  176   402   420
  177   384   303
  178   538   570
  179   408   351
  180   267   221
  181   656   668
  182    72    86
  183   941   989
  184   291   233
  185   647   666
  186   393   398
  187   283   295
  188   211   130
  189   908   849
  190   146   122
  191   831   915
  192   414   476
  193   502   525
  194   347   417
  195   669   738
  196   162    99
  197   980   901
  198   537   511
  199   253   256
  200   713   614
  201   534   440
  202   646   550
  203   790   720
  204   604   520
  205    41   128
  206   184   110
  207   873   825
  208   447   451
  209   655   568
  210   516   510
  211   291   261
  212    15    69
  213   597   656
  214   479   578
  215   626   647
  216   445   388
  217   593   581
  218   272   261
  219  1074   994
  220   137    43
  221   761   835
  222   655   558
  223   865   918
  224   104   109
  225   280   221
  226    84    37
  227   454   492
  228   496   566
  229   618   584
  230    69   108
  231   128    38
  232   289   255
  233   181   118
  234     8    79
  235     1    26
  236   506   593
  237   920   998
  238   683   590
  239   557   526
  240   620   542
  241   458   422
  242   540   480
  243   904   882
  244   167   180
  245    57    75
  246   805   832
  247   731   747
  248   834   835
  249   250   205
  250   944   961
  251   800   892
  252   333   268
  253   736   742
  254     1    83
  255  1003   964
  256  1003   978
  257   859   953
  258    60    21
  259   848   788
  260   463   530
  261   271   172
  262   927   866
  263   894   944
  264   596   660
  265   472   456
  266   797   847
  267   514   515
  268    72    25
  269   489   422
  270   842   840
  271   130    69
  272   238   292
  273   340   257
  274   624   640
  275   761   678
  276   888   907
  277   324   376
  278   388   407
  279   895   946
  280   809   893
  281   288   354
  282   154    91
  283     1    36
  284   409   460
  285   138    73
  286  1032   962
  287   269   220
  288   431   402
  289   123   210
  290   735   732
  291   851   755
  292   330   301
  293   239   257
  294   860   867
  295   273   308
  296   325   324
  297   633   599
  298   579   675
  299   768   731
  300   440   425
  301   451   477
  302   269   212
  303     1    87
  304   603   654
  305    99    24
  306   847   781
  307   708   640
  308   420   474
  309   770   845
  310   430   344
  311   109    35
  312   431   379
  313   511   611
  314   694   675
  315   258   267
  316   741   779
  317     1    14
  318   331   394
  319   677   687
  320   637   694
  321   885   799
  322   641   616
  323    37     1
  324   310   319
  325   928   990
  326   159   132
  327   966   947
  328   906   880
  329   215   187
  330   653   694
  331   399   457
  332   313   216
  333   122   190
  334   214   153
  335   956   883
  336   957   972
  337   169   100
  338   695   648
  339   978   889
  340   220   137
  341   170    98
  342   343   315
  343   824   863
  344   683   645
  345   245   313
  346   481   432
  347   488   457
  348   669   571
  349   314   370
  350   332   300
  351   741   701
  352   926   901
  353  1005   937
  354   245   289
  355   883   845
  356   168    74
  357   377   372
  358   268   232
  359   277   244
  360   350   359
  361   413   323
  362  1070   990
  363   962   942
  364   767   727
  365   842   879
  366   190   216
  367   959   866
  368   881   893
  369   809   892
  370   695   648
  371   445   481
  372   553   495
  373   423   353
  374   936   855
  375   771   757
  376   510   474
  377   606   668
  378    93   123
  379   347   309
  380   359   434
  381   107    80
  382   378   312
  383   184   165
  384   718   632
  385   331   304
  386   695   696
  387   469   408
  388   604   507
  389   806   747
  390     1    29
  391   745   728
  392   326   426
  393   175   272
  394   147   179
  395   404   329
  396   187   118
  397   505   409
  398   662   737
  399   335   299
  400   216   290
  401   137   233
  402   547   534
  403   871   831
  404   381   476
  405   333   255
  406   223   157
  407     1    31
  408   334   299
  409   594   619
  410   346   339
  411   542   480
  412    11    24
  413   284   270
  414     1    30
  415   449   528
  416   628   679
  417    94   140
  418     1    13
  419   715   721
  420   893   933
  421   226   154
  422   840   868
  423   311   278
  424   217   225
  425    35     9
  426   244   182
  427   859   947
  428   682   645
  429   842   883
  430   113    19
  431     1    24
  432   606   699
  433   925   867
  434    66    50
  435  1066   996
  436   618   530
  437   811   759
  438    59    69
  439   801   875
  440   834   920
  441   866   791
  442   168   265
  443    34    89
  444     1    63
  445   448   348
  446   550   485
  447   792   726
  448   225   258
  449   573   644
  450   961   928
  451   528   586
  452   797   742
  453   396   354
  454   824   740
  455   953   879
  456     1    27
  457   617   688
  458   920   967
  459   737   676
  460   703   707
  461   897   958
  462   533   487
  463     1    30
  464   362   303
  465   168   257
  466   815   843
  467   690   679
  468   336   319
  469   570   591
  470   637   654
  471   704   689
  472  1024   952
  473   522   527
  474   145    53
  475    83   129
  476   304   252
  477   114   188
  478   567   629
  479   459   502
  480   560   512
  481   526   488
  482   406   480
  483   535   504
  484   551   607
  485    44   114
  486   867   942
  487   710   763
  488   629   609
  489    69   122
  490   914   854
  491   748   708
  492   380   344
  493   758   714
  494  1027   988
  495   387   304
  496   963   959
  497   995   956
  498   842   770
  499   964   985
  500   947   851
  501   674   656
  502   438   481
  503   106    98
  504   518   612
  505   580   604
  506    76    54
  507   345   392
  508    68   114
  509   242   332
  510   541   568
  511   476   417
  512   872   929
  513   250   337
  514    53   109
  515   838   830
  516     1    15
  517   856   947
  518   899   882
  519   448   466
  520   108    75
  521   662   618
  522   740   674
  523   101    89
  524   327   405
  525   515   438
  526   914   827
  527   953   868
  528     1     3
  529   987   940
  530   360   390
  531   614   546
  532   115    55
  533   876   865
  534   326   302
  535   577   510
  536   664   691
  537   163   150
  538   682   669
  539   717   757
  540   406   375
  541   137   116
  542   857   923
  543  1019   990
  544   978   967
  545   388   351
  546   336   321
  547   636   706
  548   491   591
  549   260   277
  550    90    95
  551   605   611
  552   137    56
  553   325   334
  554   331   308
  555   682   606
  556   179   218
  557   172    83
  558   181   244
  559   894   859
  560   226   154
  561   173    96
  562   502   560
  563   585   505
  564   365   267
  565   583   531
  566    83   108
  567   345   308
  568   727   630
  569   872   884
  570     9   106
  571   649   649
  572   399   388
  573   581   645
  574   884   897
  575   314   294
  576   364   344
  577   103    10
  578   299   258
  579   742   796
  580   921   863
  581   404   351
  582   928   934
  583    47   142
  584   372   417
  585   403   398
  586   492   427
  587   831   793
  588  1001   935
  589   240   168
  590   887   974
  591   737   748
  592   666   684
  593    62    33
  594   887   936
  595    81    63
  596   658   742
  597   528   614
  598     1    43
  599   815   885
  600   185    93
  601    77   159
  602   684   756
  603   612   683
  604   717   640
  605   435   439
  606   802   752
  607   745   809
  608   889   900
  609   158   257
  610   412   488
  611   850   757
  612   793   702
  613   898   882
  614   759   759
  615   213   173
  616   255   221
  617   836   932
  618   318   336
  619   152   163
  620   667   675
  621   643   710
  622   111   146
  623   143   184
  624   876   907
  625   189   150
  626    61    38
  627   639   691
  628   997   914
  629   234   233
  630   268   341
  631   225   305
  632   741   735
  633     1    23
  634   316   372
  635    37   117
  636   337   292
  637   559   530
  638   403   457
  639   215   302
  640   267   196
  641    92    93
  642   168   164
  643   345   381
  644   280   213
  645   143   134
  646   460   449
  647   122   150
  648   634   613
  649    56    37
  650   714   651
  651   569   524
  652   483   399
  653   573   653
  654   403   368
  655   130    94
  656   189   221
  657   840   920
  658   438   393
  659   816   855
  660   851   780
  661   804   853
  662   315   296
  663   510   511
  664   876   957
  665   583   491
  666     1    25
  667   325   316
  668   245   272
  669   673   637
  670   668   587
  671    50   102
  672     1     8
  673   287   245
  674   827   926
  675   585   652
  676   755   811
  677   310   386
  678   138   125
  679   215   121
  680   221   313
  681   189   116
  682   410   371
  683   384   435
  684   961   930
  685  1034   972
  686   187   151
  687  1085  1000
  688   454   370
  689    50    79
  690   439   425
  691   948   992
  692   618   695
  693   970   913
  694   159    84
  695   626   576
  696   625   622
  697   112    84
  698    50   108
  699   873   923
  700   606   579
  701    82   144
  702   221   199
  703   806   856
  704   453   455
  705   550   586
  706   512   478
  707   992   953
  708   211   178
  709   694   607
  710   794   778
  711   521   487
  712    20    24
  713   586   567
  714   935   977
  715   702   761
  716   479   541
  717   956   932
  718   518   528
  719   297   347
  720   285   372
  721   127    82
  722   269   312
  723   266   177
  724   145   168
  725   782   839
  726  1007   914
  727   292   267
  728   860   859
  729   899   865
  730   291   357
  731   297   200
  732   263   262
  733   429   340
  734   908   909
  735   682   629
  736   941   915
  737   230   276
  738   414   483
  739   852   764
  740   481   455
  741   566   628
  742   526   521
  743   795   736
  744   611   643
  745   520   575
  746   874   972
  747   816   837
  748   574   560
  749    40    13
  750   278   242
  751   164   242
  752   272   184
  753   209   234
  754   109    99
  755   829   808
  756   532   538
  757   167   196
  758   361   314
  759   232   233
  760   167   252
  761   489   564
  762   482   491
  763   107   132
  764   252   192
  765   623   681
  766   134   124
  767   867   781
  768    76    25
  769   351   410
  770   540   558
  771   900   935
  772   893   845
  773   145    50
  774   688   690
  775   222   259
  776   399   306
  777   836   747
  778   596   565
  779   397   312
  780   787   778
  781   663   694
  782   826   838
  783   671   603
  784   831   873
  785   125   151
  786   698   741
  787   191   149
  788   966   947
  789   815   827
  790   173   164
  791   765   746
  792   307   353
  793   174    82
  794   329   359
  795   478   486
  796   564   570
  797    39    95
  798   213   117
  799   357   295
  800   782   723
  801   682   637
  802   313   342
  803   810   848
  804   217   218
  805   437   537
  806   252   324
  807   171    82
  808   336   364
  809   736   724
  810   613   684
  811    80    82
  812   667   588
  813   833   856
  814   108   140
  815   253   183
  816    71   157
  817   108   176
  818   479   388
  819   964   962
  820   917   836
  821   828   882
  822   183   103
  823   381   302
  824   908   809
  825   123    94
  826    64    49
  827   726   791
  828   902   820
  829   148   125
  830   801   783
  831   561   485
  832    63   129
  833   212   276
  834   363   316
  835   699   687
  836   568   534
  837   565   600
  838   366   392
  839   395   442
  840   826   906
  841   628   586
  842    53   128
  843   238   250
  844   112   158
  845   386   386
  846    52   107
  847   423   437
  848   986   933
  849   613   670
  850   268   249
  851   698   693
  852     1    44
  853   819   777
  854   718   740
  855   647   595
  856   725   700
  857   816   781
  858   522   504
  859   820   870
  860   880   917
  861   771   764
  862   382   316
  863   850   788
  864   141   107
  865   670   760
  866   334   343
  867   847   910
  868   318   283
  869   120   128
  870   402   390
  871   580   645
  872   405   315
  873   909   932
  874   725   762
  875   740   705
  876   767   743
  877   340   405
  878   373   436
  879   132    70
  880   182   168
  881   463   432
  882   714   707
  883     1    46
  884   286   237
  885     1    58
  886   589   586
  887   933   948
  888   732   787
  889   526   554
  890   131   221
  891   328   405
  892   963   926
  893   650   659
  894   766   713
  895   622   598
  896   144   216
  897   310   281
  898   778   721
  899   512   442
  900   838   830
  901   262   177
  902    77   149
  903   155   227
  904   623   560
  905   977   931
  906   591   546
  907   507   438
  908   774   744
  909   909   809
  910   920   943
  911   102   138
  912   406   431
  913    85    95
  914     1     3
  915   363   350
  916   159    68
  917   461   466
  918    39    90
  919     1    47
  920   135    78
  921   594   611
  922   984   983
  923   860   881
  924   535   631
  925   160   235
  926    69   169
  927   613   699
  928   463   505
  929   474   462
  930   155   191
  931   457   390
  932   563   578
  933   738   730
  934  1005   910
  935   473   572
  936   945   929
  937   554   463
  938   772   847
  939   778   706
  940   516   488
  941   935   910
  942   141    99
  943   733   712
  944   634   666
  945   594   499
  946   849   825
  947   606   597
  948   496   491
  949   700   748
  950   376   340
  951   313   309
  952   547   493
  953   508   481
  954     1    31
  955   267   277
  956   449   359
  957   731   668
  958   113    50
  959   494   507
  960   439   341
  961   478   424
  962   186   172
  963   245   240
  964   830   837
  965     1    76
  966   307   304
  967   483   551
  968   872   789
  969   942   991
  970   680   594
  971   567   469
  972   366   464
  973   305   394
  974    10    73
  975   327   401
  976   598   656
  977   981   963
  978   945   924
  979   334   282
  980   878   802
  981   885   838
  982   386   383
  983   732   742
  984   272   367
  985   396   468
  986   107    85
  987   944   999
  988   754   791
  989   902   885
  990   303   276
  991   284   277
  992   353   269
  993   921   871
  994   942   886
  995   533   505
  996   655   568
  997   264   278
  998   264   196
  999    74   133
 1000   946   909
9948
