1000
    1   183   122
    2   482   414
    3     1    36
    4   133   181
    5   937   854
    6   235   196
    7   832   911
    8   718   734
    9   190   111
   10    79    44
   11   731   726
   12   746   669
   13   435   446
   14   608   598
   15   551   647
   16     1    31
   17   402   495
   18   745   802
   19   448   355
   20   635   688
   21   895   959
   22   979   930
   23   265   254
   24   416   401
   25   428   335
   26   294   274
   27   332   332
   28   922   962
   29   947   968
   30   836   825
   31   591   660
   32   782   798
   33   554   582
   34   412   423
   35   896   830
   36   331   251
   37   629   662
   38  1020   951
   39   808   726
   40   986   897
   41   169   201
   42   976   892
   43   240   320
   44   950   976
   45   709   673
   46   501   517
   47   637   636
   48   417   412
   49   181   217
   50   214   162
   51   433   497
   52   204   242
   53   304   263
   54   477   518
   55     1    27
   56   730   794
   57   571   619
   58   245   301
   59   629   670
   60   536   492
   61    63    47
   62    80   101
   63   245   170
   64   891   989
   65   663   638
   66   382   430
   67     1    47
   68   917   961
   69   639   622
   70   267   276
   71   179   184
   72    85     8
   73   876   824
   74   646   625
   75   224   154
   76   883   867
   77   321   285
   78   211   213
   79   533   475
   80   450   405
   81   701   640
   82   490   424
   83   718   765
   84   842   748
   85   693   768
   86   439   388
   87   877   858
   88   365   350
   89   125   204
   90   933   997
   91     1     7
   92   624   527
   93   738   679
   94   465   394
   95   600   602
   96   908   871
   97   284   347
   98   545   483
   99  1087   990
  100   930   958
  101   877   799
  102   622   538
  103   207   228
  104   396   466
  105   732   811
  106   882   916
  107   439   409
  108   608   597
  109   984   969
  110   798   783
  111    33    93
  112  1036   977
  113   770   803
  114   269   211
  115   418   471
  116   163   165
  117   981   969
  118   171    83
  119   560   627
  120   759   735
  121   438   498
  122   274   227
  123   314   342
  124   513   417
  125   300   303
  126   693   769
  127    32    54
  128   704   622
  129   538   525
  130   584   645
  131   390   484
  132   535   515
  133   714   689
  134   277   234
  135   620   699
  136   562   560
  137   217   275
  138   310   293
  139   558   656
  140    49    78
  141    82   109
  142   756   763
  143   470   553
  144   361   289
  145   854   763
  146   272   236
  147   956   952
  148   540   485
  149   660   715
  150   169   228
  151   885   951
  152   527   515
  153   138   116
  154    43    14
  155   820   764
  156   140   210
  157   745   816
  158   877   913
  159   225   148
  160   239   271
  161   685   603
  162   635   717
  163   664   576
  164   269   272
  165   355   275
  166   179   172
  167   600   597
  168   823   850
  169   546   512
  170   144    99
  171   313   245
  172   449   424
  173   224   243
  174   583   664
  175     1    73
  176   371   301
  177   828   840
  178   299   299
  179   924   960
  180   315   334
  181   318   357
  182   705   639
  183   630   726
  184   241   178
  185   765   827
  186   587   543
  187   495   424
  188   323   363
  189   608   546
  190    98    11
  191   369   276
  192   683   709
  193   927   862
  194   657   698
  195   202   155
  196   846   876
  197   665   590
  198   635   640
  199   396   425
  200  1011   983
  201   532   521
  202  1067   999
  203   313   217
  204   704   769
  205   351   369
  206   168    71
  207   728   650
  208   215   236
  209     1    17
  210   402   439
  211   423   502
  212    28   126
  213   371   353
  214   925   883
  215   438   512
  216   495   469
  217   214   294
  218   967   886
  219   537   483
  220   940   844
  221   621   604
  222   171   119
  223   590   567
  224   123    70
  225   412   462
  226     8    38
  227   884   829
  228   271   311
  229    16   113
  230   771   765
  231     1    39
  232   333   256
  233   710   679
  234   298   280
  235   152   171
  236   562   530
  237   130   119
  238   452   407
  239   282   207
  240   223   127
  241   293   367
  242   836   761
  243   735   707
  244   269   325
  245   815   772
  246   546   457
  247   172   252
  248   495   396
  249   391   382
  250   470   530
  251   566   501
  252    69   133
  253   539   631
  254   395   452
  255   928   893
  256   346   267
  257    74   146
  258   768   678
  259     1    13
  260   875   843
  261    16   101
  262   842   915
  263   385   409
  264   511   605
  265   748   785
  266   102    16
  267   723   644
  268   478   570
  269   918   951
  270   769   801
  271   716   630
  272   436   453
  273     1    34
  274   732   817
  275   261   247
  276   807   780
  277   116    81
  278   657   632
  279    31    19
  280    21    38
  281   119   187
  282   266   340
  283   594   501
  284   528   557
  285   895   970
  286   151   107
  287   670   717
  288   252   203
  289   441   451
  290   766   725
  291    15    44
  292    89    38
  293   143   162
  294   739   772
  295  1041   989
  296   268   285
  297   875   912
  298   257   188
  299   119   212
  300   200   170
  301   199   134
  302   523   437
  303   546   552
  304   547   511
  305   318   369
  306   191   142
  307   884   969
  308   540   563
  309   913   822
  310   296   345
  311    18    76
  312   367   324
  313   897   812
  314    57   148
  315     1    60
  316   248   300
  317   870   943
  318     1    59
  319   591   632
  320   122   127
  321   731   640
  322  1048   961
  323   414   386
  324    77   128
  325   724   759
  326   645   661
  327   394   364
  328   960   985
  329   990   924
  330   431   495
  331   359   338
  332   483   425
  333   557   479
  334   503   538
  335   497   516
  336   416   469
  337   176   149
  338   912   817
  339   873   850
  340   429   426
  341   411   331
  342   871   924
  343     1    40
  344   241   310
  345   450   522
  346   336   297
  347   763   730
  348    23    28
  349   804   843
  350   110    61
  351   619   622
  352   640   670
  353   700   626
  354    53    98
  355   284   214
  356   510   451
  357   122   205
  358   196   105
  359   363   389
  360   485   552
  361   832   796
  362   295   239
  363   733   655
  364   661   688
  365   108   144
  366    69   137
  367   266   227
  368   366   318
  369   250   181
  370   942   993
  371    90   154
  372   500   520
  373   732   786
  374   184   208
  375    10     6
  376   274   243
  377   795   749
  378    44    60
  379   586   598
  380     1    11
  381   821   745
  382   237   169
  383    87   182
  384   358   377
  385   444   489
  386   393   417
  387   893   857
  388    96   148
  389   880   804
  390   536   622
  391   644   657
  392   790   707
  393     5    73
  394   585   604
  395   572   634
  396   171    87
  397   471   482
  398   677   698
  399   301   244
  400   510   459
  401   107    50
  402   399   463
  403   233   152
  404   616   565
  405   701   792
  406   145    46
  407   842   760
  408   216   316
  409   633   716
  410   165   244
  411   575   649
  412   262   281
  413   332   319
  414   871   815
  415   449   353
  416   270   272
  417   950   925
  418   866   838
  419   896   850
  420   362   326
  421   584   611
  422   533   509
  423   196   223
  424   335   354
  425   688   602
  426    75    23
  427   253   340
  428   230   254
  429    53    84
  430   104     4
  431   311   353
  432   776   716
  433   818   900
  434   769   715
  435   697   757
  436   944   859
  437   609   672
  438   193   182
  439   277   260
  440   678   737
  441   668   568
  442  1051   954
  443   835   738
  444   437   528
  445   458   405
  446    95   158
  447    75    71
  448   575   507
  449   136   125
  450   135    89
  451   137   203
  452   977   927
  453   422   403
  454   125    61
  455    53   136
  456   566   524
  457   909   817
  458   396   384
  459   319   333
  460   346   260
  461   121    95
  462   231   256
  463   495   487
  464   552   504
  465   630   594
  466   727   732
  467   430   528
  468   267   264
  469    90   112
  470   474   391
  471  1069   970
  472   952   881
  473   197   224
  474   496   502
  475   501   482
  476   406   477
  477   440   365
  478   851   926
  479   568   615
  480   803   809
  481   316   217
  482   602   601
  483  1034   977
  484   831   768
  485   189   203
  486   785   879
  487   719   748
  488   360   402
  489     1    51
  490   500   519
  491   768   837
  492   902   817
  493   633   731
  494   456   429
  495   952   873
  496   902   968
  497   469   437
  498   740   763
  499   193   130
  500   250   284
  501   280   329
  502   857   842
  503     1    43
  504    86    77
  505   392   389
  506   225   159
  507   528   465
  508  1048   971
  509   863   933
  510   137    57
  511   922   898
  512   527   602
  513   336   266
  514   235   206
  515   369   327
  516   569   536
  517   202   244
  518   686   675
  519    22    67
  520   108   204
  521   611   539
  522   124   179
  523   242   226
  524    16    94
  525   512   471
  526   593   660
  527   212   181
  528   317   380
  529   465   453
  530   395   463
  531    96    51
  532   765   696
  533   613   602
  534   248   239
  535   985   951
  536   103   172
  537   372   415
  538   223   190
  539   890   838
  540   408   464
  541   607   581
  542   978   948
  543   621   679
  544   842   928
  545   484   480
  546    83    98
  547   383   307
  548   261   352
  549   608   558
  550   889   936
  551   858   780
  552   357   321
  553   447   367
  554   520   461
  555    68    23
  556   833   795
  557   777   700
  558   922   965
  559   549   492
  560   421   339
  561   845   929
  562    88    25
  563   517   586
  564   886   980
  565   914   852
  566   823   877
  567   177   197
  568   451   367
  569   187   245
  570   306   371
  571   677   762
  572   920   925
  573   978   902
  574   936   930
  575   953   975
  576   769   793
  577   478   443
  578   910   811
  579   424   437
  580   643   592
  581     1    56
  582   276   319
  583   558   655
  584   393   378
  585   154   183
  586   454   548
  587   471   442
  588   118    40
  589   570   481
  590   494   559
  591   848   869
  592    24    53
  593   220   226
  594   455   497
  595   502   496
  596   586   591
  597   441   351
  598   489   556
  599   904   942
  600    43   142
  601   757   808
  602   565   605
  603   252   236
  604   211   217
  605   910   904
  606    37    97
  607   515   562
  608   892   917
  609   776   794
  610   606   657
  611   971   878
  612   225   271
  613   854   763
  614   587   488
  615   171   222
  616   785   846
  617   127    37
  618   596   665
  619    42    28
  620   305   324
  621   234   263
  622   279   347
  623   235   257
  624   149   124
  625   173   143
  626   813   791
  627   474   460
  628   519   459
  629   141   234
  630    64   110
  631   819   722
  632   557   504
  633    90    80
  634   984   917
  635   178   198
  636   265   173
  637   686   755
  638   266   194
  639   468   447
  640   158   149
  641   718   638
  642    77   125
  643   648   630
  644   444   398
  645   603   607
  646   339   274
  647    79    47
  648   665   630
  649   543   606
  650   913   940
  651   642   621
  652   305   280
  653   239   182
  654   422   417
  655   438   527
  656   256   182
  657   941   905
  658   492   474
  659   122    96
  660   864   781
  661   194   278
  662   785   841
  663   964   896
  664   256   318
  665   320   300
  666   875   890
  667   290   341
  668     1    41
  669     1    14
  670   194   276
  671   407   311
  672   564   497
  673   834   750
  674   203   247
  675   447   533
  676   820   828
  677   576   531
  678   385   454
  679   585   650
  680   626   562
  681   882   869
  682   660   644
  683   459   460
  684   134    51
  685   360   349
  686    43   112
  687   560   497
  688   176   259
  689  1003   944
  690   332   362
  691   127   105
  692   121    56
  693   656   586
  694   490   525
  695   658   657
  696   855   855
  697   138   213
  698   704   781
  699   675   692
  700   897   844
  701   239   201
  702   190   176
  703   291   337
  704   310   368
  705   731   755
  706   426   471
  707   934   882
  708   755   795
  709   838   816
  710   918   971
  711   579   496
  712   347   401
  713   190    96
  714     1    66
  715   886   794
  716   574   582
  717   805   869
  718   484   537
  719   946   852
  720   801   901
  721   222   171
  722   706   673
  723    47    10
  724   893   993
  725   850   896
  726   679   675
  727   834   892
  728   258   356
  729   822   810
  730   636   598
  731   987   897
  732   296   303
  733   360   445
  734   539   638
  735   638   590
  736   337   372
  737   208   213
  738   406   500
  739   521   605
  740   486   584
  741   537   605
  742   330   242
  743   576   545
  744   596   508
  745   441   400
  746   421   333
  747   701   638
  748   219   225
  749   297   358
  750   223   267
  751  1007   995
  752   753   705
  753   230   235
  754   862   844
  755   537   473
  756   488   427
  757   775   733
  758   198   123
  759   378   370
  760   882   813
  761   713   693
  762   889   924
  763   672   621
  764   310   313
  765   402   338
  766   247   253
  767   694   670
  768   173    82
  769   889   971
  770   318   343
  771   187   112
  772   901   950
  773   813   811
  774   816   907
  775   924   956
  776   649   723
  777   878   964
  778   825   814
  779   712   673
  780   768   795
  781   140   135
  782  1012   975
  783    41   140
  784   581   674
  785   612   560
  786   260   222
  787   931   910
  788   642   644
  789   299   308
  790    91    53
  791   169   131
  792   113   186
  793   351   339
  794   386   472
  795   339   311
  796    81    43
  797   612   648
  798   167    70
  799   120   208
  800    20    20
  801   790   726
  802   652   679
  803   442   345
  804   470   555
  805    51   114
  806   691   605
  807   256   227
  808   199   213
  809   605   653
  810   375   357
  811   893   827
  812     1     5
  813   911   865
  814   343   317
  815   294   280
  816   370   406
  817   844   833
  818   555   645
  819   381   291
  820   687   637
  821   747   731
  822    40    56
  823   508   439
  824   616   586
  825   611   703
  826   477   546
  827   894   880
  828   371   293
  829     1    54
  830   142    56
  831   684   758
  832   518   594
  833   149   197
  834   602   677
  835  1038   992
  836   214   207
  837   748   689
  838   347   313
  839     1    11
  840   476   475
  841   675   771
  842   663   625
  843   900   883
  844   286   343
  845   222   275
  846   330   324
  847   140   166
  848   348   438
  849   232   167
  850     1    66
  851   273   270
  852   712   741
  853   653   730
  854   318   397
  855   426   460
  856   173   149
  857   567   486
  858   617   657
  859    92   183
  860   800   710
  861   118    37
  862   659   645
  863    20    53
  864   211   196
  865   244   217
  866  1036   944
  867   342   367
  868   965   948
  869    14    33
  870   499   479
  871   159    86
  872   596   652
  873   291   197
  874   118    51
  875    91   114
  876   410   440
  877   269   326
  878   535   525
  879   246   151
  880   348   265
  881   199   113
  882   621   556
  883   409   407
  884    81   118
  885   467   515
  886   578   539
  887   601   581
  888   740   748
  889    42    27
  890   899   814
  891   236   230
  892   634   679
  893   177    84
  894   112   202
  895   739   783
  896   316   377
  897   181    82
  898   221   170
  899   649   603
  900   995   935
  901   885   866
  902   906   886
  903   467   404
  904   788   769
  905   541   620
  906   367   459
  907   576   543
  908    41    17
  909    87    50
  910   151   216
  911   441   531
  912   502   448
  913   269   352
  914   715   748
  915   795   887
  916   698   621
  917   826   843
  918   903   883
  919   214   312
  920   801   799
  921   776   748
  922     1    72
  923   621   538
  924   269   360
  925   710   756
  926   519   458
  927   237   324
  928   149    66
  929   449   463
  930   684   784
  931   257   311
  932   746   771
  933   136   187
  934   526   431
  935   424   469
  936   249   226
  937   154   200
  938   151    80
  939   725   755
  940   368   425
  941   992   895
  942   265   292
  943  1036   969
  944   862   811
  945   861   828
  946   135    74
  947   157   206
  948   773   700
  949    26    69
  950   247   173
  951   776   838
  952   705   686
  953   706   754
  954   585   536
  955   242   174
  956   655   696
  957    73    69
  958   236   203
  959     1    36
  960   833   918
  961   612   529
  962   666   597
  963   570   537
  964   612   614
  965   879   893
  966   723   697
  967   544   624
  968   511   502
  969   580   624
  970   849   763
  971   545   446
  972   123   177
  973   345   387
  974    50   106
  975   150    74
  976   444   425
  977   214   260
  978   557   621
  979   835   771
  980   889   795
  981   750   791
  982   337   408
  983   225   287
  984   481   448
  985   962   925
  986   433   438
  987   173   168
  988   155    96
  989   777   734
  990   816   837
  991   846   766
  992   630   710
  993   724   792
  994   506   575
  995   629   650
  996   661   569
  997   335   415
  998   820   853
  999   175   254
 1000   747   774
14447
