100
    1   113   183
    2   889   963
    3     1     9
    4    51   106
    5   111    67
    6   348   361
    7   965   876
    8   693   763
    9   311   260
   10   296   377
   11   524   467
   12   816   890
   13   872   907
   14    21    75
   15   886   884
   16   170   132
   17   481   388
   18   161   231
   19   596   640
   20     5     5
   21   173   124
   22   672   695
   23   754   715
   24   247   342
   25   474   420
   26   641   591
   27   263   329
   28   329   375
   29   313   397
   30   631   686
   31   946   993
   32   804   715
   33   723   763
   34   308   292
   35   386   395
   36   479   576
   37   823   891
   38   503   556
   39   809   779
   40    85   174
   41   737   806
   42    10     9
   43   237   301
   44   734   637
   45   118   150
   46   320   314
   47   782   729
   48   883   977
   49   393   310
   50   522   479
   51   584   622
   52   871   831
   53   290   276
   54   303   355
   55   353   400
   56   403   351
   57    78    80
   58   552   594
   59   209   259
   60   217   265
   61   915   956
   62   219   298
   63  1003   959
   64   307   370
   65   164    67
   66   576   523
   67   153   196
   68   389   342
   69   348   435
   70   217   169
   71   203   165
   72   669   645
   73   952   917
   74   569   606
   75   934   855
   76   998  1000
   77   538   594
   78   616   522
   79   464   392
   80   417   386
   81   563   501
   82   519   573
   83   618   626
   84   689   649
   85   196   269
   86   556   521
   87   936   871
   88   367   299
   89     1    73
   90   367   298
   91    89   132
   92   210   284
   93   497   516
   94     1    55
   95   990   911
   96   174   244
   97   204   152
   98   232   256
   99    11    51
  100   845   939
3736
