1000
    1     8     9
    2     4     3
    3    10     9
    4     6     6
    5     1     1
    6     6     5
    7     9    10
    8     2     1
    9    10    10
   10     6     5
   11     1     1
   12     1     2
   13     3     3
   14     4     5
   15    11    10
   16     3     2
   17     2     2
   18    10     9
   19     5     6
   20    10     9
   21     8     8
   22     9     9
   23     1     1
   24     7     6
   25     5     6
   26     3     3
   27     1     1
   28    10     9
   29     4     5
   30     2     2
   31     1     1
   32     9     9
   33     1     1
   34     4     4
   35     8     9
   36     6     6
   37     9     9
   38     4     4
   39     9     9
   40     3     4
   41     4     4
   42     4     3
   43     8     9
   44     4     3
   45    11    10
   46     4     4
   47     2     3
   48     2     1
   49     3     2
   50     4     3
   51     2     2
   52     5     5
   53    10    10
   54     2     1
   55    10    10
   56     9     9
   57     6     6
   58     9     8
   59     2     3
   60     8     7
   61     1     2
   62    10    10
   63     5     5
   64     7     8
   65     4     5
   66     6     5
   67     6     6
   68    10    10
   69     9     9
   70     3     3
   71     2     3
   72     1     1
   73     2     1
   74     2     2
   75     6     5
   76     7     8
   77     9    10
   78     8     8
   79     7     6
   80     5     4
   81     7     7
   82     3     3
   83     2     2
   84     8     9
   85     9     9
   86     7     7
   87     6     5
   88    10     9
   89     6     5
   90     7     8
   91     3     2
   92    11    10
   93     3     2
   94     1     1
   95     8     7
   96     5     4
   97    11    10
   98     5     6
   99     7     7
  100     6     7
  101     8     8
  102     6     7
  103     6     5
  104     2     3
  105     5     6
  106     1     1
  107     2     2
  108     1     2
  109     3     4
  110    11    10
  111     9    10
  112     5     4
  113     1     2
  114     8     8
  115     8     8
  116     5     6
  117     3     4
  118     1     2
  119     1     2
  120     5     6
  121     8     9
  122     2     2
  123     2     1
  124     3     2
  125     3     4
  126     5     6
  127     2     3
  128     1     1
  129     4     4
  130     4     4
  131     2     3
  132    10    10
  133     9    10
  134     8     7
  135     2     2
  136     8     7
  137     9    10
  138     5     6
  139     1     1
  140     5     5
  141    11    10
  142     9     8
  143     9    10
  144     7     6
  145     8     8
  146     1     1
  147     9     9
  148    10    10
  149     5     6
  150     1     1
  151    10    10
  152     9    10
  153     1     1
  154     8     9
  155     6     5
  156     5     5
  157     8     9
  158    10    10
  159     3     3
  160     1     2
  161     9     8
  162    10    10
  163     4     5
  164     1     1
  165     4     4
  166     8     9
  167     9    10
  168     2     3
  169     4     3
  170     3     2
  171     3     4
  172     9     9
  173     2     2
  174     2     1
  175     8     8
  176    11    10
  177     1     1
  178     5     4
  179     4     5
  180     3     3
  181     5     4
  182     9     8
  183     8     7
  184    10     9
  185     5     4
  186     1     2
  187     3     3
  188    10    10
  189     2     1
  190     1     2
  191     3     3
  192     2     2
  193     6     5
  194     7     7
  195     8     8
  196     2     1
  197     5     5
  198     6     5
  199     3     2
  200     8     8
  201     1     2
  202     7     6
  203    11    10
  204     7     6
  205     7     6
  206     7     8
  207     1     1
  208     8     9
  209    11    10
  210     1     2
  211     2     3
  212     5     5
  213     5     6
  214     5     4
  215    10     9
  216     9    10
  217     4     5
  218     9     9
  219     4     4
  220     8     7
  221     6     5
  222    10    10
  223     1     2
  224    10     9
  225     6     5
  226     2     1
  227     9    10
  228     3     4
  229     6     6
  230     9    10
  231    10    10
  232     1     1
  233     3     2
  234     8     7
  235     5     6
  236     3     3
  237     1     2
  238     8     8
  239     7     6
  240     9     8
  241    11    10
  242     4     4
  243     3     2
  244     5     6
  245     6     7
  246     7     6
  247     4     5
  248    10     9
  249     9     9
  250    10     9
  251     7     6
  252     7     8
  253     2     2
  254     1     1
  255    11    10
  256     1     2
  257     2     3
  258     3     3
  259     9    10
  260     8     8
  261     1     2
  262     2     2
  263     1     2
  264     1     2
  265     3     4
  266     9     9
  267     3     3
  268     7     7
  269     7     8
  270     8     8
  271     1     1
  272     3     2
  273     1     1
  274     2     2
  275     1     2
  276     4     5
  277     2     2
  278     3     3
  279    10    10
  280     7     7
  281     6     6
  282     1     1
  283    11    10
  284    10    10
  285    10     9
  286     1     2
  287     6     6
  288     8     8
  289     7     8
  290     3     4
  291     3     3
  292     1     1
  293     9     9
  294     6     5
  295     9    10
  296     7     6
  297     1     1
  298     6     5
  299     3     3
  300     8     7
  301     2     3
  302     3     4
  303     1     1
  304     8     8
  305     3     2
  306     4     3
  307     4     4
  308     9     8
  309     5     5
  310     6     6
  311     1     1
  312     6     5
  313     8     7
  314     2     1
  315     4     3
  316     2     1
  317     5     6
  318     6     6
  319     8     9
  320     6     6
  321     3     3
  322    11    10
  323     1     1
  324     6     5
  325     4     4
  326     4     4
  327     7     7
  328     5     6
  329     9     9
  330     6     6
  331     3     3
  332     3     4
  333     3     4
  334     6     5
  335     6     5
  336     3     2
  337     5     4
  338     5     6
  339     6     5
  340     8     7
  341     7     8
  342     1     1
  343     2     1
  344     8     7
  345     2     1
  346     3     4
  347     5     5
  348     6     7
  349     7     6
  350     3     2
  351     6     5
  352     8     7
  353     2     3
  354     3     3
  355     9     9
  356     5     4
  357     8     8
  358     2     2
  359     2     2
  360     3     3
  361     5     5
  362     5     6
  363     1     2
  364    10     9
  365    10     9
  366     3     2
  367     6     6
  368    10     9
  369    10    10
  370    11    10
  371     5     5
  372     3     3
  373     2     1
  374     9     9
  375     6     7
  376     4     4
  377     8     8
  378     2     3
  379     8     7
  380     3     4
  381     2     2
  382     1     2
  383     1     1
  384     7     8
  385     8     8
  386     9    10
  387     7     8
  388     8     7
  389     5     5
  390     9     9
  391    11    10
  392     9    10
  393     5     4
  394     6     5
  395     4     3
  396     6     6
  397     3     3
  398     2     3
  399     5     5
  400     1     2
  401     6     5
  402     5     4
  403     2     3
  404     3     2
  405     4     3
  406     7     7
  407     8     7
  408     8     7
  409     2     3
  410     6     5
  411     9     8
  412     7     8
  413     3     2
  414    10    10
  415    11    10
  416     5     5
  417     5     4
  418     2     3
  419     4     3
  420     4     5
  421     7     6
  422     2     2
  423     9     8
  424    10     9
  425     5     5
  426     6     6
  427     1     1
  428     4     5
  429     9     9
  430     6     7
  431     5     4
  432     2     1
  433     2     3
  434     8     8
  435    11    10
  436    10    10
  437     8     9
  438     6     5
  439     1     1
  440    10    10
  441     5     5
  442     7     7
  443     8     9
  444     9     9
  445     2     2
  446     4     5
  447    10    10
  448    10    10
  449     6     6
  450     4     4
  451     4     4
  452    11    10
  453     7     8
  454     7     6
  455     7     7
  456     1     1
  457     2     2
  458     3     3
  459     2     2
  460     1     1
  461     5     6
  462     8     9
  463     3     4
  464     8     7
  465    10     9
  466     8     7
  467     2     1
  468     3     3
  469     3     3
  470     1     2
  471     8     9
  472     9    10
  473     3     3
  474     8     9
  475     6     5
  476     7     6
  477     9    10
  478     6     7
  479     9     8
  480    10    10
  481     3     4
  482     7     8
  483    10    10
  484     4     3
  485     4     4
  486     4     4
  487     5     5
  488     1     1
  489    11    10
  490     9     8
  491     8     8
  492     5     6
  493     5     4
  494     5     4
  495     9    10
  496     8     9
  497    10    10
  498     8     8
  499    10     9
  500     4     5
  501     2     2
  502     1     1
  503    11    10
  504    11    10
  505    10    10
  506     9    10
  507     9     8
  508     3     4
  509     9    10
  510     3     2
  511     2     1
  512     1     1
  513     1     1
  514     6     5
  515     7     8
  516     2     1
  517     4     3
  518     3     4
  519     5     6
  520     3     3
  521     5     6
  522     9     8
  523     8     7
  524     5     5
  525     5     6
  526     7     7
  527     9    10
  528     7     7
  529    11    10
  530     3     2
  531     3     2
  532     5     5
  533     2     1
  534     5     6
  535     5     4
  536     5     5
  537     5     4
  538     1     1
  539     2     1
  540     6     7
  541     9     8
  542     1     1
  543     5     4
  544     7     7
  545     9     9
  546     8     7
  547     9    10
  548     8     7
  549     8     7
  550     8     9
  551     7     7
  552     8     8
  553     5     4
  554     9     8
  555     5     4
  556     6     6
  557     3     3
  558     7     8
  559     8     9
  560     3     2
  561     7     8
  562    11    10
  563     7     7
  564     8     9
  565     9     9
  566     3     2
  567     3     4
  568     5     4
  569     3     4
  570    10    10
  571     7     7
  572     5     6
  573     3     3
  574     4     3
  575     7     6
  576     1     2
  577     9    10
  578    11    10
  579     7     6
  580    10     9
  581     7     7
  582     3     4
  583    11    10
  584     8     9
  585     6     6
  586     1     1
  587     1     1
  588    10     9
  589     5     4
  590    11    10
  591     3     4
  592     5     4
  593     4     5
  594     9    10
  595     5     5
  596     8     8
  597     1     2
  598     4     3
  599     5     5
  600     7     7
  601     6     7
  602     4     4
  603     5     5
  604     9     8
  605     6     5
  606     4     4
  607     6     7
  608    10    10
  609     7     7
  610     7     8
  611    10     9
  612     3     4
  613     3     4
  614     6     5
  615     8     7
  616    10     9
  617     3     2
  618     9     8
  619     2     3
  620     6     5
  621     3     2
  622    11    10
  623     9    10
  624     8     7
  625     3     4
  626     9    10
  627     3     3
  628     7     8
  629     8     9
  630     9     9
  631     1     1
  632     3     3
  633     2     3
  634     9    10
  635     8     7
  636     3     4
  637     7     8
  638     7     7
  639     9     8
  640     5     6
  641     6     5
  642     1     2
  643     7     7
  644     2     3
  645     6     6
  646     3     3
  647     8     8
  648     1     1
  649     4     5
  650     8     9
  651     2     2
  652     1     1
  653     9     9
  654     5     6
  655     3     2
  656     6     7
  657     5     6
  658     9     9
  659     4     3
  660     4     4
  661     6     5
  662     5     4
  663     1     1
  664     8     9
  665     6     7
  666     1     1
  667     5     4
  668     7     8
  669     1     1
  670     2     1
  671     6     6
  672     6     6
  673    10     9
  674     3     2
  675     3     2
  676     1     1
  677     7     6
  678     3     3
  679     2     1
  680     7     7
  681     3     4
  682    10     9
  683     6     7
  684     2     2
  685     4     4
  686     2     1
  687     8     8
  688    10    10
  689     9     9
  690     5     5
  691    11    10
  692     1     1
  693     4     5
  694     3     4
  695     1     2
  696     6     6
  697     1     2
  698     5     6
  699     2     3
  700     8     9
  701     9    10
  702     8     7
  703     3     4
  704     6     5
  705     5     6
  706     3     4
  707     4     3
  708     6     6
  709     1     1
  710    11    10
  711     1     1
  712     3     2
  713     3     3
  714     7     7
  715     3     3
  716     6     7
  717     3     2
  718     1     2
  719     8     7
  720     8     8
  721     2     2
  722     9    10
  723     1     1
  724     7     6
  725     3     3
  726     7     6
  727     1     1
  728     4     5
  729     2     3
  730     5     5
  731    11    10
  732     9     8
  733     7     8
  734     1     1
  735     3     3
  736     3     3
  737     9    10
  738     5     5
  739     5     6
  740     4     5
  741     5     6
  742     3     3
  743    11    10
  744    10     9
  745     6     7
  746     6     6
  747     1     1
  748     4     4
  749     5     5
  750     2     2
  751     3     4
  752     1     2
  753     9    10
  754     3     3
  755     5     6
  756     9     8
  757     7     6
  758     7     8
  759     3     3
  760    11    10
  761     8     8
  762     1     1
  763     7     6
  764     4     4
  765     9     9
  766     3     2
  767    10     9
  768     2     3
  769     3     4
  770    11    10
  771     8     9
  772     3     3
  773     9     8
  774     3     2
  775     2     1
  776    11    10
  777     4     5
  778     4     5
  779     5     6
  780     5     6
  781     7     6
  782    11    10
  783     6     7
  784     2     3
  785     1     1
  786     3     3
  787     2     3
  788     8     7
  789     1     1
  790     8     8
  791     5     4
  792     5     5
  793     6     6
  794     9     9
  795     7     8
  796     3     4
  797     6     7
  798     3     3
  799     6     5
  800     3     3
  801     9     9
  802     5     4
  803    10    10
  804     6     6
  805     1     1
  806     8     8
  807     4     4
  808     5     6
  809     9    10
  810    10    10
  811    10    10
  812     2     2
  813     2     2
  814     4     4
  815     8     9
  816     4     3
  817     9    10
  818     6     6
  819     2     2
  820     1     2
  821     6     6
  822     5     5
  823     9    10
  824     3     3
  825    10    10
  826     5     5
  827     6     7
  828     5     4
  829     2     1
  830     1     1
  831     8     7
  832     3     3
  833     6     6
  834     9     8
  835     8     7
  836     2     2
  837     5     4
  838     5     6
  839     1     2
  840     4     4
  841     1     2
  842    11    10
  843     6     6
  844     8     8
  845     7     6
  846     2     3
  847     8     7
  848     6     7
  849     7     6
  850     4     3
  851     4     3
  852     5     4
  853     1     1
  854     5     6
  855     1     1
  856     5     4
  857     3     3
  858     2     2
  859     7     6
  860    10     9
  861    10    10
  862     7     8
  863     9     8
  864     6     5
  865     9    10
  866     8     7
  867     7     8
  868     5     5
  869     4     4
  870     5     4
  871     2     1
  872     8     9
  873     2     2
  874     9     8
  875     3     3
  876     1     1
  877    10     9
  878     3     4
  879     1     2
  880     8     8
  881     7     6
  882     2     1
  883     7     8
  884     5     5
  885    11    10
  886     1     2
  887     2     2
  888     1     1
  889     5     6
  890     9     9
  891     1     1
  892     8     8
  893     1     1
  894     1     1
  895     5     6
  896     7     8
  897     6     5
  898     2     3
  899     4     4
  900     3     4
  901     2     3
  902     8     9
  903     6     7
  904     5     4
  905     1     1
  906     3     4
  907     6     6
  908    11    10
  909     2     1
  910     3     3
  911     6     6
  912     7     7
  913     8     7
  914     6     5
  915     3     4
  916    10    10
  917    11    10
  918    10    10
  919     2     1
  920     4     4
  921     8     9
  922     4     3
  923     3     3
  924     1     1
  925     1     1
  926     4     3
  927     6     5
  928     9     9
  929     3     4
  930     4     3
  931     9     8
  932     4     4
  933     3     4
  934     4     4
  935     4     4
  936     9     9
  937     2     3
  938     2     3
  939     1     2
  940     9    10
  941    11    10
  942     5     5
  943     1     2
  944     7     8
  945     7     7
  946     8     9
  947     8     7
  948     1     1
  949     8     8
  950    10    10
  951    10     9
  952     1     1
  953     4     3
  954     1     1
  955     2     3
  956    10     9
  957    10    10
  958     1     2
  959     9     9
  960     5     5
  961     8     8
  962     7     8
  963     3     2
  964     6     5
  965     6     6
  966     5     6
  967     4     3
  968     2     3
  969    10     9
  970     4     4
  971     4     3
  972     1     2
  973     7     8
  974     7     7
  975     4     3
  976     9     8
  977     5     5
  978     3     4
  979    10    10
  980     3     2
  981    11    10
  982     1     1
  983     2     2
  984     8     7
  985     8     8
  986     1     1
  987     8     7
  988     2     1
  989     8     9
  990     1     2
  991     9     9
  992     1     1
  993    10     9
  994     3     4
  995     6     5
  996     3     2
  997     7     6
  998     3     4
  999     6     5
 1000     8     9
324
