1000
    1   867   889
    2   361   301
    3   172   139
    4   398   476
    5   109   141
    6   724   627
    7   777   862
    8   186   197
    9   508   438
   10   414   451
   11   762   845
   12   634   708
   13   877   821
   14   888   877
   15   381   390
   16   179   254
   17   153    86
   18   476   521
   19   996   954
   20   772   791
   21   214   190
   22   787   849
   23   277   277
   24     1    48
   25   774   806
   26   829   777
   27   357   339
   28   121   129
   29   131    39
   30   929   960
   31   619   667
   32   213   293
   33   222   317
   34   987   910
   35   212   221
   36    69   106
   37  1000   901
   38   706   798
   39   170   141
   40   244   344
   41     1    48
   42   915   867
   43   856   823
   44   239   183
   45   323   352
   46   767   692
   47   410   507
   48   820   803
   49   338   288
   50     1    17
   51   183   120
   52   750   689
   53   653   670
   54   973   949
   55   226   290
   56   973   985
   57   380   394
   58   746   652
   59   719   813
   60    20   115
   61   877   790
   62   906   988
   63    56   145
   64   843   852
   65   362   357
   66   734   701
   67   308   326
   68   559   576
   69   331   349
   70   397   467
   71   492   487
   72   782   759
   73   283   295
   74   328   328
   75   425   513
   76   713   642
   77  1046   988
   78   578   516
   79   527   570
   80   395   460
   81   939   927
   82   552   503
   83   720   652
   84   170    91
   85   787   799
   86   671   763
   87   600   617
   88   968   949
   89   551   491
   90   601   700
   91   800   782
   92   404   446
   93   432   462
   94   361   449
   95   486   505
   96   630   582
   97   211   274
   98   426   354
   99   881   805
  100    41    61
  101   539   494
  102   391   425
  103  1039   979
  104   144   161
  105   311   338
  106    28    75
  107   987   968
  108   711   748
  109    73   128
  110   434   398
  111   453   412
  112   407   336
  113   807   842
  114   274   290
  115   574   502
  116    80   132
  117   598   608
  118   637   554
  119   635   570
  120   240   278
  121   176   129
  122     1     2
  123   359   413
  124   292   232
  125   940   854
  126   105    64
  127   363   453
  128   358   453
  129     1    36
  130   328   324
  131   221   179
  132     1    66
  133   761   720
  134   335   297
  135   818   890
  136   729   751
  137   260   266
  138    60    92
  139   319   279
  140   200   173
  141   214   276
  142   827   770
  143    52    56
  144   804   736
  145   200   242
  146   389   427
  147   830   759
  148   149    92
  149   501   538
  150   817   723
  151    98   198
  152   166   154
  153   680   603
  154   667   741
  155   319   371
  156   509   577
  157   215   279
  158   395   416
  159   505   571
  160  1005   990
  161   780   874
  162   397   396
  163   170   191
  164    21   111
  165   969   898
  166  1024   963
  167     1     4
  168   400   465
  169   494   407
  170   969   938
  171   658   668
  172    54    31
  173     1    34
  174     7    95
  175   743   680
  176   143    60
  177   941   951
  178   670   698
  179   485   519
  180   802   773
  181   504   532
  182   582   510
  183   956   885
  184     1    33
  185    49    10
  186   649   614
  187   628   679
  188   358   290
  189   167   185
  190   315   290
  191   186   211
  192   850   876
  193   501   573
  194   867   905
  195   381   426
  196   148    75
  197   404   357
  198   768   839
  199   598   608
  200   297   214
  201   467   384
  202   164   142
  203    74    48
  204   459   512
  205   477   464
  206   163   206
  207   976   889
  208    89    27
  209   673   752
  210   851   886
  211    95   133
  212   170   173
  213   891   936
  214   584   610
  215   277   271
  216   292   332
  217   969   989
  218   525   557
  219   335   314
  220    57    99
  221     1    43
  222   432   342
  223   710   758
  224   395   389
  225   192   149
  226   778   693
  227   491   540
  228   489   470
  229   852   760
  230   791   772
  231   318   342
  232   943   967
  233   210   254
  234   385   447
  235   616   538
  236   754   793
  237   595   614
  238   786   774
  239   145   214
  240   834   814
  241   985   926
  242   707   728
  243    51   130
  244   926   932
  245    27    59
  246   588   592
  247   460   435
  248   771   675
  249   641   733
  250   309   217
  251   617   708
  252   124   188
  253   321   262
  254   646   739
  255     1    44
  256   491   586
  257   824   793
  258   730   685
  259   723   644
  260   520   498
  261   694   660
  262   201   258
  263  1017   960
  264   972   924
  265   138   144
  266   126   143
  267   834   899
  268    30    89
  269     1     6
  270   918   936
  271   762   853
  272   634   692
  273    61    65
  274   498   464
  275   963   878
  276   431   483
  277   296   256
  278   731   799
  279   285   234
  280    58   109
  281     1    18
  282  1043   971
  283   851   812
  284  1014   940
  285   898   897
  286   135   122
  287   578   492
  288   201   162
  289   975   898
  290   229   324
  291   419   419
  292   855   901
  293   174   201
  294   490   403
  295   312   404
  296   366   308
  297   171   103
  298   691   723
  299   281   227
  300   174    89
  301   776   677
  302   804   716
  303   773   695
  304   792   750
  305   650   728
  306  1047   965
  307  1019   920
  308   425   482
  309   713   717
  310   356   296
  311    40    67
  312   511   531
  313   544   571
  314   860   867
  315    33    19
  316   495   595
  317   129    38
  318   790   770
  319   397   303
  320   468   510
  321   101   175
  322   349   432
  323   751   729
  324   149   143
  325   392   438
  326   688   604
  327   893   987
  328   902   832
  329  1000   971
  330   324   398
  331   828   857
  332   879   944
  333    94   150
  334   287   289
  335   635   595
  336    87     4
  337   773   788
  338   785   704
  339   245   281
  340   902   857
  341   193   258
  342   171   187
  343   215   279
  344   756   669
  345   437   337
  346   125    56
  347   850   753
  348   449   523
  349   322   394
  350   651   684
  351    67    69
  352    39    53
  353   163    97
  354   653   705
  355    35    93
  356   860   794
  357   527   572
  358   485   512
  359   763   700
  360   335   255
  361   117   107
  362  1071   982
  363  1025   942
  364   366   359
  365   371   351
  366   730   640
  367   827   866
  368   447   533
  369   237   260
  370   178   112
  371   259   217
  372   977   991
  373    89    57
  374   428   383
  375   140   157
  376     1    34
  377   375   428
  378   405   323
  379   414   325
  380   741   754
  381    72   104
  382   855   872
  383   205   245
  384   882   832
  385    94   192
  386   530   464
  387   251   240
  388   885   875
  389   247   203
  390   380   421
  391   350   272
  392   279   322
  393   364   328
  394   892   819
  395   161   177
  396   865   926
  397   742   697
  398   487   481
  399   227   323
  400   205   234
  401   502   529
  402   826   726
  403    14    47
  404   903   836
  405   836   903
  406   884   805
  407   776   863
  408   798   787
  409   303   339
  410   713   691
  411   818   888
  412   410   320
  413   958   902
  414   311   310
  415   199   184
  416   752   663
  417   974   956
  418  1002   965
  419   705   697
  420     1    77
  421   502   570
  422  1032   996
  423   842   838
  424   106   201
  425   165   161
  426   841   910
  427   219   147
  428   927   925
  429   285   195
  430   187   195
  431   130    64
  432   101    75
  433   933   891
  434   735   666
  435    69    84
  436   483   570
  437   799   711
  438    37    29
  439   146   195
  440   189   160
  441   270   247
  442   720   721
  443   225   169
  444   104    23
  445   422   396
  446   860   813
  447   647   726
  448   460   490
  449   223   140
  450   358   272
  451   903   874
  452   432   518
  453     1    42
  454     1    12
  455   960   935
  456   175   243
  457   345   368
  458   220   247
  459   543   580
  460   797   835
  461     1    54
  462   161   231
  463   713   630
  464   335   263
  465   720   713
  466   558   603
  467   526   583
  468   192   287
  469   479   407
  470   579   550
  471   384   401
  472   452   440
  473   320   399
  474   354   293
  475   281   361
  476   365   292
  477    74    12
  478     1     5
  479   387   462
  480   604   536
  481   745   672
  482   828   856
  483   165   176
  484   539   599
  485   513   586
  486   467   494
  487   437   347
  488   577   601
  489   986   906
  490   160   230
  491   548   628
  492   801   776
  493   921   906
  494   962   868
  495   807   856
  496    85    87
  497   888   804
  498   243   178
  499   149   201
  500     1    19
  501   835   800
  502   527   609
  503   362   362
  504   201   276
  505   165   124
  506   811   838
  507   944   864
  508   607   674
  509   568   548
  510   700   776
  511   994   913
  512   715   665
  513   480   417
  514   252   181
  515   784   806
  516   945   887
  517   718   619
  518   495   578
  519   581   514
  520   767   811
  521   762   746
  522   824   770
  523   281   185
  524   945   973
  525   383   294
  526   100   139
  527   679   724
  528   553   611
  529   409   340
  530   344   326
  531   910   826
  532   805   775
  533   615   705
  534    42    38
  535     1    38
  536   176   187
  537   873   806
  538   852   781
  539   498   405
  540   668   679
  541   852   892
  542   518   419
  543   432   446
  544   856   767
  545   161    87
  546   858   833
  547   557   514
  548   306   383
  549    34   117
  550   732   823
  551   875   963
  552   953   880
  553   541   542
  554   788   828
  555   970   942
  556   557   482
  557   363   371
  558    59    12
  559   480   571
  560   930   930
  561   855   760
  562   236   280
  563   543   449
  564  1039   971
  565   321   339
  566   851   908
  567    50    68
  568  1084   990
  569   386   364
  570    21   114
  571   689   665
  572   618   684
  573   105    53
  574   908   921
  575   375   390
  576   207   288
  577   751   770
  578   735   682
  579   538   516
  580   245   343
  581   157   231
  582     1    14
  583   281   190
  584   836   753
  585   311   326
  586   394   395
  587   302   337
  588   195   183
  589   870   912
  590   335   246
  591   682   772
  592   139    44
  593   830   929
  594   834   776
  595   548   527
  596   631   534
  597   475   510
  598    60    91
  599    31    45
  600   851   781
  601   321   407
  602   934   900
  603   531   459
  604   323   256
  605   826   751
  606   190   216
  607   749   777
  608   817   740
  609   253   257
  610   349   376
  611   612   669
  612   316   366
  613   290   226
  614   328   239
  615   127   213
  616   898   869
  617    58   124
  618   838   912
  619   373   435
  620   828   923
  621   220   134
  622   656   754
  623   438   528
  624   362   347
  625   865   798
  626   428   414
  627   508   435
  628    33    34
  629   947   945
  630   490   549
  631   967   937
  632   169   239
  633   176   183
  634   598   676
  635     1     5
  636   253   284
  637   272   274
  638     6    57
  639  1000   926
  640   446   468
  641   850   805
  642    31    92
  643   466   373
  644   341   341
  645   276   270
  646    46   105
  647   628   678
  648    33   101
  649   957   941
  650    15    19
  651   203   300
  652   657   743
  653   896   885
  654   762   816
  655   711   670
  656  1027   965
  657   486   392
  658    25    97
  659   120   191
  660   155   140
  661   282   309
  662   974   952
  663   286   239
  664   464   493
  665   335   315
  666   555   537
  667   893   812
  668     1    72
  669   907   893
  670     1    43
  671   499   422
  672   606   624
  673   718   693
  674   187   198
  675   442   460
  676    29     3
  677   633   546
  678   520   461
  679   170   241
  680   299   249
  681   828   732
  682   851   795
  683   737   691
  684   837   842
  685   300   396
  686    28    79
  687   632   624
  688   325   370
  689  1020   999
  690   890   977
  691   218   136
  692   541   639
  693   358   297
  694   504   556
  695   888   928
  696   867   838
  697   878   820
  698   696   604
  699   547   483
  700    35    51
  701   880   896
  702   721   663
  703   144   112
  704   410   407
  705   759   698
  706   885   830
  707   265   273
  708    16   114
  709   495   575
  710   741   674
  711   425   503
  712    37    40
  713   816   799
  714   116    97
  715    19    25
  716   188   221
  717   155   132
  718   995   896
  719   434   387
  720   613   604
  721    77    34
  722   670   608
  723   470   545
  724    78    64
  725   818   887
  726   282   298
  727   638   675
  728    94   131
  729   429   369
  730   706   693
  731   421   480
  732   634   646
  733   528   476
  734   175   205
  735   280   317
  736   209   219
  737   815   884
  738   462   379
  739   757   788
  740   186   247
  741    83    92
  742   852   937
  743   942   856
  744   229   155
  745   887   879
  746   591   508
  747   243   245
  748   192   288
  749   906   829
  750   843   794
  751   556   618
  752   477   408
  753  1030   946
  754   541   467
  755   488   424
  756   515   538
  757   131   196
  758   453   434
  759   702   681
  760  1022   980
  761   176   244
  762   284   251
  763   773   692
  764   513   456
  765   950   937
  766   843   860
  767   588   597
  768    97   129
  769   955   898
  770   166   190
  771    51   111
  772   907   981
  773   952   898
  774   303   314
  775   499   595
  776   717   754
  777   479   483
  778  1037   965
  779   119   200
  780   988   914
  781    71   166
  782   422   342
  783   128   139
  784   277   225
  785   307   311
  786   238   237
  787   665   589
  788   877   875
  789   385   323
  790   512   572
  791    93   122
  792     1    17
  793   255   250
  794   181   207
  795   467   438
  796   406   410
  797   170   167
  798   632   629
  799   461   543
  800   390   451
  801   988   941
  802   912   926
  803   816   880
  804   994   914
  805   360   265
  806   508   572
  807   259   298
  808   202   268
  809    91   156
  810   112   124
  811   780   690
  812   160   164
  813   954   928
  814   177   148
  815   681   607
  816   112   149
  817   583   672
  818   494   444
  819   703   650
  820   982   948
  821   621   618
  822   641   727
  823   447   398
  824   566   617
  825   881   966
  826   317   321
  827    65   151
  828   610   660
  829   900   909
  830    87    79
  831   248   317
  832   791   737
  833   300   236
  834   476   500
  835   108   127
  836   451   382
  837   219   256
  838   459   408
  839   769   754
  840   128   162
  841   221   178
  842   436   512
  843   438   370
  844   606   638
  845   934   906
  846   572   491
  847     1    29
  848   826   861
  849   956   942
  850   473   377
  851     1    13
  852   359   324
  853   799   753
  854   318   292
  855   772   755
  856   857   940
  857   774   773
  858   377   320
  859   883   910
  860   286   261
  861   654   708
  862   592   540
  863   214   260
  864   506   523
  865   113   120
  866    95   151
  867   655   566
  868   299   307
  869  1014   960
  870    71    46
  871   559   525
  872   177   251
  873   412   404
  874   713   722
  875   655   681
  876   363   319
  877   873   773
  878   871   852
  879     1    14
  880   662   648
  881   546   528
  882   763   795
  883   216   230
  884   606   693
  885   130   122
  886   439   450
  887   680   716
  888   143   123
  889   901   986
  890   130    77
  891   328   245
  892   336   302
  893    19   115
  894   293   329
  895   456   374
  896   714   800
  897   424   337
  898   964   905
  899    56    26
  900   502   430
  901   347   337
  902   458   397
  903   400   347
  904   592   528
  905   152   203
  906   447   442
  907   303   222
  908   317   336
  909   679   681
  910   415   423
  911   456   522
  912   268   215
  913   970   911
  914   753   667
  915   264   238
  916   520   492
  917   526   426
  918   795   730
  919   485   575
  920   519   550
  921   699   707
  922   162   103
  923   854   897
  924   346   351
  925   415   459
  926   759   777
  927   348   291
  928   896   993
  929   470   414
  930   840   935
  931   768   814
  932   434   530
  933   966   978
  934    73    78
  935   489   508
  936   281   361
  937   113    63
  938   704   767
  939    57    98
  940   393   392
  941   736   790
  942   496   403
  943   862   824
  944   156   178
  945   138   187
  946   181   113
  947   473   525
  948     1    51
  949   251   260
  950   237   300
  951  1028   949
  952   303   277
  953     1    17
  954   806   719
  955   458   397
  956   756   759
  957   764   820
  958   299   274
  959  1003   979
  960   891   901
  961   657   672
  962   685   684
  963   600   672
  964   734   701
  965   398   316
  966   434   448
  967   524   487
  968   940   845
  969   688   647
  970   389   354
  971   932   877
  972   764   760
  973   429   394
  974   134    41
  975    57   137
  976   305   400
  977   186   227
  978   500   556
  979   945   898
  980   113    42
  981   408   462
  982   244   231
  983   431   454
  984  1034   959
  985   421   476
  986   727   669
  987   329   407
  988   610   583
  989   947   973
  990   112   116
  991  1038   949
  992   120    93
  993   685   775
  994   414   454
  995   702   665
  996   654   576
  997   787   726
  998   365   452
  999   479   397
 1000   906   829
49097
