1000
    1    10     9
    2     3     3
    3     1     1
    4     6     6
    5     2     1
    6     4     3
    7     7     8
    8     8     7
    9    11    10
   10     7     7
   11     7     7
   12     4     4
   13     2     3
   14     4     3
   15    10    10
   16    10    10
   17     9     8
   18     6     7
   19     7     8
   20     5     5
   21     6     6
   22     8     9
   23     4     3
   24     3     2
   25     5     6
   26     1     1
   27     2     3
   28     2     1
   29     2     3
   30     3     2
   31     3     3
   32     2     3
   33     7     7
   34     8     8
   35     8     7
   36     7     6
   37     7     7
   38    11    10
   39     5     5
   40     2     2
   41     7     8
   42     8     9
   43     6     5
   44     4     3
   45     7     6
   46     7     8
   47     7     7
   48    10     9
   49     8     8
   50     8     7
   51     2     2
   52     2     3
   53    11    10
   54     1     1
   55     3     2
   56     3     3
   57     5     6
   58     4     4
   59     2     3
   60    10     9
   61     5     4
   62     2     2
   63     2     3
   64     3     2
   65     4     3
   66     2     1
   67     5     6
   68     4     4
   69     9     9
   70    10     9
   71     6     7
   72     1     1
   73     4     5
   74     9     8
   75     6     5
   76     1     2
   77     3     4
   78    11    10
   79     3     2
   80     7     8
   81     8     7
   82     3     3
   83     1     2
   84    10     9
   85     9     9
   86     2     3
   87     5     5
   88     9     9
   89     2     1
   90     5     6
   91     1     2
   92     6     6
   93     2     2
   94     1     1
   95    10     9
   96     7     8
   97     5     6
   98     8     8
   99     8     7
  100     3     3
  101     2     2
  102     7     7
  103     1     1
  104     5     5
  105     5     4
  106     6     5
  107     7     8
  108     8     8
  109     9    10
  110     1     2
  111     8     8
  112     3     2
  113     3     4
  114     7     6
  115     4     4
  116     9     8
  117    10    10
  118    10    10
  119     3     4
  120     1     2
  121     1     1
  122     2     2
  123     9     9
  124     1     2
  125     3     4
  126     7     8
  127     2     1
  128    10     9
  129     3     2
  130     3     4
  131     7     7
  132     4     4
  133     9    10
  134     7     7
  135     2     2
  136     1     1
  137     2     2
  138     7     8
  139     4     3
  140     7     7
  141     5     6
  142     5     6
  143     5     4
  144     4     4
  145     2     2
  146     6     5
  147     8     9
  148     8     8
  149     5     4
  150     6     7
  151     3     2
  152     4     4
  153     8     7
  154     7     7
  155     8     9
  156     4     3
  157     7     7
  158     3     4
  159     2     3
  160     5     4
  161     2     2
  162     1     2
  163     8     7
  164     2     3
  165     9     8
  166     4     5
  167     7     6
  168     2     1
  169    10     9
  170     5     6
  171     3     2
  172     8     7
  173     7     8
  174     5     5
  175     6     6
  176    10    10
  177     3     3
  178    11    10
  179     1     1
  180     2     1
  181     8     8
  182     7     6
  183     9     9
  184     4     3
  185     5     6
  186     9     8
  187     5     5
  188    10    10
  189     8     9
  190     2     2
  191     5     5
  192     7     6
  193     6     5
  194     6     7
  195     8     8
  196     9     9
  197     2     1
  198     1     1
  199     6     6
  200     4     4
  201    11    10
  202    10    10
  203    11    10
  204    10    10
  205     8     8
  206     9    10
  207     5     5
  208     1     1
  209     8     8
  210    10    10
  211     1     1
  212     9     9
  213     7     6
  214     8     8
  215     7     7
  216     8     8
  217     1     1
  218     1     1
  219     3     4
  220     4     3
  221     6     5
  222     9     8
  223     9     8
  224    10     9
  225     1     1
  226     6     7
  227     3     2
  228     5     6
  229     5     4
  230     8     8
  231     8     8
  232     6     5
  233     8     8
  234    10     9
  235     6     6
  236     3     3
  237     8     8
  238    10    10
  239     7     6
  240     2     2
  241     2     2
  242    10    10
  243     3     2
  244     9    10
  245     5     5
  246     2     2
  247     6     7
  248     4     5
  249     5     5
  250     2     1
  251     3     2
  252     7     8
  253     2     2
  254     4     3
  255     4     4
  256     9     8
  257     2     3
  258     1     1
  259     8     8
  260     9    10
  261     2     2
  262     7     6
  263     5     4
  264     9    10
  265     7     6
  266     8     7
  267     4     5
  268     4     5
  269     3     2
  270     9    10
  271    10     9
  272     2     2
  273     6     7
  274     9    10
  275     7     8
  276     6     7
  277     5     6
  278     6     7
  279     6     6
  280     3     3
  281     4     4
  282     1     1
  283     6     6
  284    10    10
  285     2     3
  286     3     2
  287    11    10
  288     1     2
  289    10    10
  290     2     2
  291     5     5
  292     1     1
  293     7     7
  294     6     7
  295     9     8
  296     5     4
  297    10     9
  298     5     5
  299     2     1
  300     5     5
  301     8     7
  302     2     2
  303     6     7
  304     4     4
  305     4     4
  306     1     1
  307     9    10
  308     4     4
  309     5     5
  310     3     4
  311     4     5
  312    10     9
  313     1     1
  314     6     5
  315     7     7
  316    10     9
  317     5     4
  318     4     4
  319     6     7
  320     4     4
  321     8     9
  322     7     6
  323     1     1
  324     9     9
  325    11    10
  326     2     2
  327     8     7
  328     9    10
  329     8     7
  330     5     4
  331     6     7
  332     7     6
  333    11    10
  334     4     3
  335     4     3
  336     2     2
  337    10    10
  338     7     8
  339     8     9
  340     6     7
  341     8     8
  342     6     5
  343     3     3
  344     4     5
  345     4     3
  346     3     2
  347     8     7
  348     1     1
  349    11    10
  350     9    10
  351     2     1
  352     2     1
  353     6     7
  354    10     9
  355     4     5
  356     5     4
  357     1     2
  358     2     2
  359     4     4
  360     9     9
  361     3     3
  362     9    10
  363     1     2
  364     8     7
  365     8     9
  366     7     6
  367     6     6
  368     3     3
  369     3     2
  370     7     8
  371     1     1
  372     6     5
  373     4     3
  374     5     5
  375     6     7
  376     4     4
  377     9     8
  378     3     3
  379     8     9
  380     4     4
  381    10    10
  382     2     2
  383     6     5
  384     1     2
  385     4     4
  386     5     6
  387     9     8
  388     8     7
  389     6     7
  390     9     9
  391     7     8
  392     5     6
  393     1     2
  394    10     9
  395     9     9
  396     8     8
  397     9     9
  398     7     7
  399     9     9
  400    11    10
  401     3     3
  402     5     4
  403     2     1
  404     7     6
  405     5     5
  406     7     7
  407     2     1
  408     8     9
  409     8     9
  410    10     9
  411     9    10
  412     3     4
  413     9    10
  414     9    10
  415     7     8
  416     9     9
  417     9    10
  418     3     3
  419     1     1
  420     2     3
  421     4     4
  422     7     8
  423     8     8
  424     6     5
  425     8     9
  426     1     2
  427     6     7
  428     6     5
  429     4     3
  430    10     9
  431     3     4
  432     9     9
  433     8     7
  434    11    10
  435     7     6
  436    11    10
  437    10     9
  438     8     9
  439     6     5
  440    11    10
  441     1     1
  442     4     5
  443     8     9
  444     3     3
  445     9     8
  446     4     5
  447     6     6
  448     8     8
  449     5     4
  450     8     8
  451     5     6
  452     3     2
  453     4     4
  454    10    10
  455     8     9
  456     7     7
  457     9     8
  458     8     7
  459     7     6
  460     6     7
  461     7     8
  462     8     7
  463    10    10
  464     2     3
  465     8     7
  466     2     3
  467     8     9
  468     8     9
  469     1     1
  470     5     4
  471     9     9
  472     2     2
  473     8     7
  474     2     3
  475     8     9
  476     3     2
  477     9     8
  478    10     9
  479     1     2
  480     2     2
  481     7     8
  482    11    10
  483     5     4
  484     8     7
  485     3     4
  486     2     2
  487     4     3
  488     8     9
  489     3     2
  490     4     4
  491     9     8
  492     4     4
  493     3     4
  494     8     8
  495     3     4
  496    10     9
  497     6     6
  498    10    10
  499     5     5
  500     1     1
  501     6     6
  502     1     1
  503     7     8
  504     1     2
  505     4     4
  506     5     4
  507     3     2
  508     3     4
  509     2     2
  510     8     8
  511     6     7
  512     9     9
  513     7     7
  514    10     9
  515     9    10
  516     5     5
  517     6     7
  518     1     2
  519     6     6
  520     5     5
  521     7     8
  522     4     4
  523     9     9
  524     5     5
  525     7     8
  526     7     7
  527     9     8
  528     4     3
  529     9    10
  530    10    10
  531     5     6
  532     5     5
  533     4     5
  534     2     2
  535    11    10
  536     1     1
  537    11    10
  538    10     9
  539     6     7
  540     6     5
  541     6     6
  542     3     3
  543     9    10
  544     6     7
  545     2     1
  546     1     1
  547     5     6
  548     1     1
  549     8     7
  550     6     5
  551     1     1
  552     6     6
  553     4     4
  554     7     8
  555     7     6
  556     8     8
  557     2     3
  558     4     4
  559     8     9
  560     4     4
  561     5     6
  562     9    10
  563     4     5
  564     6     7
  565     2     1
  566     7     8
  567     9     8
  568    11    10
  569     4     4
  570     5     6
  571     9     9
  572     7     8
  573     4     5
  574     6     7
  575     3     4
  576     3     4
  577    10    10
  578     7     8
  579     6     6
  580     4     3
  581     1     1
  582     4     4
  583     3     2
  584     7     7
  585     7     8
  586     6     7
  587     2     3
  588     5     5
  589     8     8
  590     4     4
  591     9     8
  592     4     4
  593     2     3
  594     5     6
  595     3     3
  596     2     2
  597     5     4
  598     3     3
  599     4     5
  600     2     3
  601     8     9
  602     6     6
  603     4     3
  604     9    10
  605     8     9
  606     1     2
  607     8     9
  608    11    10
  609     7     7
  610     7     8
  611     7     7
  612     3     2
  613     3     2
  614     9     9
  615     4     3
  616     2     1
  617     2     2
  618     6     6
  619     4     3
  620     6     5
  621     9    10
  622     7     6
  623     5     4
  624     6     7
  625    10    10
  626     7     8
  627     1     1
  628     3     4
  629     4     3
  630     1     1
  631     6     5
  632     5     5
  633     2     3
  634     3     2
  635     8     7
  636     2     2
  637     9    10
  638     7     7
  639     2     2
  640     5     6
  641     2     3
  642     5     4
  643     1     1
  644     4     3
  645     4     4
  646     8     9
  647     9    10
  648     3     3
  649     8     7
  650     1     1
  651     4     4
  652     9     9
  653     4     3
  654     7     8
  655     4     4
  656     2     1
  657    11    10
  658     3     3
  659     5     5
  660     9    10
  661     2     3
  662     7     6
  663     1     1
  664     7     7
  665     1     1
  666     4     5
  667     6     6
  668     2     2
  669     7     7
  670     7     7
  671     1     2
  672     8     8
  673     5     5
  674     6     6
  675     1     2
  676     2     1
  677     5     6
  678     6     5
  679     2     1
  680     4     3
  681     7     6
  682     1     1
  683     5     5
  684    11    10
  685     1     2
  686     1     1
  687    11    10
  688    10    10
  689    10     9
  690     4     5
  691     3     2
  692     6     5
  693     3     3
  694     4     4
  695     5     6
  696     2     2
  697     5     4
  698     7     8
  699     4     3
  700     9     9
  701     5     4
  702    10     9
  703     7     6
  704     6     5
  705     6     6
  706     9     8
  707     3     3
  708     8     8
  709     7     7
  710     9     8
  711     8     7
  712     3     4
  713     8     7
  714     7     7
  715     2     1
  716     2     1
  717     2     2
  718     7     8
  719     8     7
  720     2     2
  721     2     2
  722     1     2
  723     6     7
  724     9     8
  725     9     9
  726     4     4
  727     8     7
  728    10     9
  729     6     5
  730     7     7
  731    11    10
  732     3     2
  733     9    10
  734     8     9
  735     8     9
  736     4     5
  737     5     6
  738     3     3
  739     5     4
  740     4     5
  741     9     8
  742     1     1
  743     5     6
  744     4     3
  745     4     5
  746     3     2
  747     7     7
  748     9    10
  749     3     3
  750     2     2
  751     2     2
  752     5     4
  753     3     4
  754    10     9
  755     8     8
  756     8     8
  757     7     6
  758     3     4
  759     2     3
  760     1     2
  761     4     4
  762     1     1
  763     1     2
  764     2     2
  765     1     1
  766     5     4
  767     1     1
  768     5     5
  769    11    10
  770     8     8
  771     6     5
  772     5     5
  773     9    10
  774    11    10
  775     8     9
  776     6     6
  777     6     7
  778     6     5
  779     3     2
  780     8     8
  781     3     4
  782     8     8
  783     2     3
  784     3     3
  785     2     1
  786     1     1
  787     9     9
  788     8     7
  789     7     7
  790     4     4
  791     7     6
  792     2     3
  793     1     2
  794     9     9
  795     7     6
  796    10    10
  797     6     5
  798     7     7
  799     4     5
  800     2     3
  801     7     7
  802     3     2
  803     9     8
  804     7     8
  805     6     7
  806     4     4
  807     1     2
  808     3     4
  809     4     4
  810     5     4
  811     3     2
  812     9     8
  813     7     6
  814    11    10
  815     4     3
  816     8     7
  817     7     6
  818     9     8
  819     1     2
  820     6     6
  821     2     2
  822     2     3
  823     3     2
  824     9     9
  825     3     4
  826     9     9
  827     2     1
  828    11    10
  829     4     5
  830     3     3
  831     6     5
  832     9     9
  833     5     6
  834     5     6
  835     7     7
  836     5     4
  837    11    10
  838     3     2
  839     3     2
  840     7     6
  841     6     6
  842     8     8
  843    10    10
  844     7     8
  845     6     6
  846     6     7
  847     8     7
  848     2     3
  849    10    10
  850    10     9
  851     2     3
  852     5     4
  853     7     7
  854     9    10
  855     6     5
  856    11    10
  857     1     1
  858     4     4
  859    11    10
  860     6     7
  861     5     4
  862     6     6
  863     7     8
  864     8     7
  865    10    10
  866     3     3
  867    10    10
  868     2     3
  869     9     8
  870    10    10
  871     6     5
  872     5     5
  873     3     2
  874     1     2
  875     4     5
  876     3     3
  877     6     5
  878     6     6
  879     9    10
  880     7     8
  881     3     2
  882     8     7
  883     7     6
  884     8     7
  885     8     8
  886     6     6
  887     8     8
  888     6     7
  889     3     4
  890     1     1
  891     6     5
  892     7     6
  893     9     9
  894     2     3
  895     8     8
  896     6     6
  897     1     1
  898     1     1
  899     3     2
  900     9    10
  901     8     7
  902     9     9
  903     7     7
  904    10    10
  905     2     1
  906     6     6
  907     8     8
  908     4     4
  909    10     9
  910     4     3
  911     8     8
  912     1     1
  913     4     5
  914     3     3
  915    11    10
  916     9     8
  917     7     6
  918    10    10
  919     8     7
  920     8     8
  921     2     1
  922     4     3
  923     1     1
  924     1     1
  925     5     5
  926     8     9
  927    10     9
  928     5     5
  929     2     2
  930     1     1
  931    11    10
  932     8     8
  933     9    10
  934     9    10
  935     2     2
  936    10     9
  937     4     3
  938     7     7
  939     6     6
  940     9     8
  941    11    10
  942     9     9
  943     2     2
  944     7     6
  945     8     9
  946     5     5
  947     7     7
  948     1     1
  949     8     8
  950    10    10
  951    10     9
  952     3     3
  953     1     1
  954     1     1
  955     6     7
  956     9     9
  957     8     8
  958    10    10
  959     6     7
  960     1     1
  961     4     4
  962     1     2
  963     9    10
  964     6     7
  965     5     6
  966     4     4
  967     2     1
  968     8     9
  969     1     1
  970     3     4
  971     8     9
  972     5     4
  973     5     4
  974     3     3
  975     2     1
  976     5     6
  977     3     3
  978     4     4
  979     3     2
  980     3     2
  981     7     8
  982     3     3
  983     1     2
  984     8     7
  985     8     8
  986     6     5
  987     8     9
  988     1     1
  989     4     5
  990     6     6
  991     8     7
  992     9     9
  993     1     1
  994     5     6
  995     6     5
  996     8     8
  997     9     8
  998     5     6
  999     4     3
 1000    10     9
111
