100
    1    76    69
    2    90    93
    3    74    71
    4    87    96
    5    33    41
    6    70    63
    7    20    18
    8    21    17
    9    74    70
   10    16     7
   11    37    37
   12    84    84
   13     9    13
   14    80    73
   15    79    70
   16    73    70
   17    99    98
   18    50    57
   19    91    98
   20    95    95
   21    23    26
   22    22    29
   23    83    73
   24    79    72
   25    68    66
   26    75    81
   27     5     3
   28    53    61
   29    25    23
   30    10    12
   31    29    23
   32    35    33
   33    57    57
   34    35    38
   35    18    17
   36    93    86
   37    48    57
   38    40    30
   39    36    45
   40     3    12
   41    27    28
   42    29    39
   43    33    35
   44     1     3
   45   100    96
   46    36    28
   47    41    47
   48    97    99
   49    19    28
   50    18    17
   51    75    72
   52    12    13
   53    91    90
   54    11    21
   55    77    82
   56    44    53
   57    79    86
   58    27    24
   59    92    93
   60    11    19
   61    46    54
   62    41    32
   63    46    53
   64    79    72
   65    88    93
   66    36    41
   67     1     6
   68    47    44
   69    83    89
   70    80    79
   71    52    47
   72    44    51
   73    34    35
   74    98    88
   75    17    25
   76    15    22
   77    69    64
   78    38    40
   79    60    62
   80    64    68
   81    34    27
   82    89    83
   83    57    52
   84    77    79
   85    70    79
   86    36    43
   87    94    85
   88    52    49
   89    69    71
   90    98    96
   91    75    82
   92    43    46
   93    76    82
   94    18    21
   95    24    29
   96    71    78
   97    85    86
   98    64    58
   99    47    37
  100    73    73
107
