100
    1    79    75
    2    82    83
    3     1     1
    4    56    66
    5    15    15
    6    23    29
    7     1     4
    8    95    99
    9   102   100
   10    74    81
   11    25    15
   12     1     2
   13    79    79
   14    23    23
   15    18    24
   16    41    40
   17    37    44
   18    99    99
   19    19    12
   20    86    81
   21    96    92
   22    80    83
   23    97    87
   24    76    78
   25    52    52
   26    74    67
   27    60    61
   28    11    15
   29     8    13
   30    35    38
   31    99    97
   32    15    11
   33    52    59
   34    49    56
   35    48    43
   36    25    16
   37    11    19
   38    71    72
   39     1     7
   40    83    82
   41    29    22
   42    46    45
   43    55    57
   44    41    49
   45    96    98
   46    11     6
   47    19    25
   48    26    25
   49     4     6
   50    62    55
   51    18    22
   52    25    19
   53    81    84
   54    18    15
   55    22    20
   56    27    35
   57   105   100
   58    38    30
   59    45    47
   60    11    17
   61    85    88
   62    22    22
   63    46    39
   64     2     6
   65    44    35
   66    24    19
   67    46    36
   68    22    26
   69     6     3
   70    35    25
   71    59    69
   72    71    65
   73    13    13
   74    15    10
   75    39    35
   76    55    64
   77    60    58
   78    30    34
   79    93    88
   80    95    90
   81    61    53
   82    19    13
   83    69    78
   84    66    69
   85     5     9
   86    89    85
   87    24    31
   88   101    99
   89    89    89
   90    51    46
   91    41    32
   92     1     8
   93    83    76
   94    62    67
   95    15    23
   96    19    16
   97    15     8
   98    12     8
   99    95    91
  100    86    95
184
