1000
    1     1     2
    2     3     2
    3     3     4
    4     1     1
    5     5     4
    6     8     8
    7     2     3
    8     7     8
    9     9     9
   10     3     2
   11    11    10
   12     4     5
   13     5     6
   14    11    10
   15     8     7
   16     1     1
   17     8     9
   18     7     6
   19     3     3
   20     1     2
   21     1     1
   22     1     2
   23     1     2
   24     2     3
   25     2     3
   26     8     8
   27    11    10
   28     1     2
   29     2     2
   30     4     3
   31     5     6
   32     2     2
   33     8     8
   34     9     9
   35     3     2
   36     2     1
   37     4     4
   38     4     5
   39     9     8
   40    10     9
   41     5     5
   42     5     6
   43     5     6
   44     7     6
   45     5     5
   46     3     3
   47     3     2
   48     4     4
   49     2     1
   50     7     6
   51     6     7
   52     3     4
   53     4     3
   54     8     8
   55     5     5
   56     9    10
   57     6     7
   58     4     5
   59     9    10
   60     1     2
   61     6     5
   62     8     9
   63     3     2
   64     2     3
   65    11    10
   66     4     4
   67     8     7
   68     6     5
   69     3     2
   70    11    10
   71     9     8
   72     8     8
   73     8     8
   74     9     9
   75     5     4
   76     4     3
   77     3     3
   78     1     1
   79     8     9
   80     1     1
   81    11    10
   82     4     4
   83     4     5
   84     9    10
   85     9    10
   86     5     4
   87     9     8
   88    10    10
   89     9    10
   90     8     9
   91     6     7
   92     2     3
   93     9     9
   94     5     4
   95    11    10
   96     9     9
   97     1     1
   98     2     1
   99     7     8
  100     5     4
  101     5     5
  102     5     6
  103     5     4
  104     5     4
  105     3     3
  106     3     2
  107     4     3
  108     1     1
  109     3     3
  110     1     1
  111     5     5
  112     9     9
  113     3     3
  114     3     3
  115     6     5
  116     2     3
  117     2     3
  118     6     5
  119     8     7
  120     8     9
  121     5     6
  122     6     7
  123     4     4
  124     6     7
  125     3     3
  126     4     5
  127     6     6
  128     3     4
  129     7     7
  130     7     7
  131    10    10
  132     1     1
  133    10     9
  134     3     4
  135    10     9
  136     6     6
  137     4     3
  138     8     9
  139     1     2
  140     7     6
  141     5     5
  142     8     7
  143    10     9
  144     2     1
  145    10     9
  146     3     2
  147     2     2
  148     6     5
  149     6     7
  150    10    10
  151     8     9
  152     2     1
  153     9     8
  154     5     6
  155    10    10
  156     4     4
  157     7     6
  158    10     9
  159     5     6
  160     8     9
  161     8     9
  162     3     3
  163     3     4
  164     2     2
  165    10     9
  166     5     4
  167     1     1
  168     1     2
  169     7     6
  170     4     5
  171     9     9
  172     6     6
  173     7     7
  174     8     8
  175     6     5
  176     1     1
  177     8     8
  178     3     3
  179     3     4
  180     7     6
  181     6     5
  182     1     1
  183     5     4
  184     1     2
  185     5     5
  186     6     7
  187     1     2
  188     2     3
  189    11    10
  190     1     1
  191     3     4
  192     2     3
  193     1     2
  194     6     6
  195     4     5
  196    11    10
  197     1     2
  198     5     4
  199     1     1
  200     8     7
  201     3     3
  202     4     5
  203     7     7
  204     6     5
  205     8     7
  206    10     9
  207     8     8
  208     4     4
  209    10     9
  210     1     1
  211     3     2
  212     3     2
  213     4     3
  214     8     7
  215     3     4
  216     2     1
  217     8     8
  218     5     4
  219     3     3
  220     7     8
  221     3     4
  222     2     1
  223     1     1
  224    11    10
  225     7     6
  226    10    10
  227    10     9
  228     6     7
  229     6     5
  230     6     7
  231     1     1
  232     4     4
  233     4     3
  234    10    10
  235     3     3
  236     9    10
  237     4     3
  238     6     5
  239     5     5
  240     4     3
  241     4     3
  242     5     5
  243     6     7
  244     2     1
  245     5     4
  246     3     3
  247    11    10
  248     1     2
  249     9     8
  250     9     8
  251     3     3
  252     2     3
  253     1     1
  254    11    10
  255     7     7
  256     1     1
  257     3     4
  258     2     2
  259     7     7
  260     4     3
  261     2     1
  262     2     1
  263     8     7
  264     6     7
  265     5     5
  266     9     8
  267     1     2
  268     1     2
  269     8     7
  270     8     9
  271     1     2
  272     5     5
  273     8     8
  274     9     9
  275     1     1
  276     8     8
  277     4     5
  278     5     6
  279     5     5
  280     3     2
  281    10     9
  282     9     8
  283     4     5
  284     7     7
  285     6     6
  286     7     7
  287     3     3
  288     8     9
  289     1     1
  290     8     7
  291     3     2
  292     7     8
  293     3     4
  294     9    10
  295     1     1
  296     8     7
  297     4     4
  298     7     6
  299     4     4
  300     5     4
  301     8     8
  302    10     9
  303     5     4
  304     3     3
  305     4     5
  306     3     4
  307     2     3
  308     4     5
  309     4     4
  310     4     5
  311     1     2
  312    11    10
  313     8     8
  314     3     4
  315     6     6
  316     1     2
  317     4     3
  318     2     3
  319     7     6
  320    10     9
  321     1     2
  322     5     5
  323     5     4
  324     5     4
  325     1     1
  326     1     1
  327     3     4
  328     2     3
  329     5     4
  330     8     7
  331     5     4
  332     2     3
  333     4     3
  334     1     2
  335     7     8
  336     1     1
  337     2     3
  338     5     5
  339     7     6
  340     5     6
  341     2     1
  342    11    10
  343     8     8
  344     1     2
  345    10    10
  346    10     9
  347    11    10
  348     4     4
  349     8     9
  350     1     1
  351     6     6
  352     6     6
  353     2     2
  354     1     2
  355     7     8
  356     1     1
  357     8     9
  358     6     5
  359     8     7
  360     5     6
  361     8     8
  362     4     5
  363     6     5
  364     8     8
  365     7     6
  366     4     3
  367     6     7
  368     2     2
  369     1     1
  370     4     5
  371     7     8
  372     7     8
  373     2     2
  374     2     2
  375     6     6
  376     4     3
  377     8     9
  378    11    10
  379     7     6
  380     1     1
  381     6     7
  382     8     9
  383     7     6
  384     1     1
  385     3     3
  386     1     1
  387     7     7
  388     5     6
  389     1     2
  390     1     2
  391     1     1
  392     1     1
  393     5     5
  394     7     8
  395     7     8
  396     5     5
  397     7     6
  398     5     6
  399     2     2
  400     2     1
  401     3     4
  402     4     5
  403     5     4
  404     1     1
  405    11    10
  406     4     4
  407     6     6
  408     7     6
  409     9    10
  410     1     2
  411     9     9
  412     2     3
  413     9     9
  414     5     5
  415     6     7
  416     8     8
  417     7     7
  418     8     8
  419     1     2
  420     7     8
  421     5     5
  422     4     3
  423     3     3
  424     6     6
  425     8     8
  426     8     7
  427     7     6
  428     5     4
  429     1     2
  430     2     2
  431     4     5
  432     7     8
  433     7     8
  434     3     3
  435     1     1
  436     1     1
  437     1     2
  438     9     8
  439     5     4
  440     7     7
  441    10    10
  442     6     6
  443     9     8
  444     3     2
  445     8     7
  446     6     6
  447     6     5
  448     8     7
  449     8     7
  450     7     7
  451     4     3
  452     4     5
  453     8     7
  454     6     7
  455     3     4
  456     6     6
  457     2     1
  458    10    10
  459     9     9
  460     5     4
  461     4     3
  462     8     8
  463     2     1
  464     8     8
  465     8     8
  466     6     6
  467    10    10
  468     9     8
  469     3     4
  470     9     9
  471     1     2
  472     1     1
  473     9    10
  474     6     6
  475    10    10
  476     2     1
  477     7     7
  478     4     4
  479     1     1
  480     5     5
  481     2     3
  482    10     9
  483     1     1
  484     3     4
  485     5     5
  486     1     1
  487    11    10
  488     5     4
  489    10     9
  490     3     3
  491     8     7
  492     9     9
  493     3     3
  494     6     5
  495    10     9
  496     7     8
  497     1     1
  498     3     3
  499     5     4
  500    10    10
  501     6     7
  502    10    10
  503     4     5
  504     2     3
  505     2     3
  506     6     5
  507     2     1
  508     1     1
  509     2     1
  510     1     1
  511     9    10
  512     5     6
  513    11    10
  514     1     2
  515     5     5
  516     2     2
  517     9    10
  518     8     7
  519     4     5
  520     2     2
  521     8     9
  522     4     3
  523     4     4
  524     3     4
  525    10     9
  526     9    10
  527     5     5
  528     3     4
  529     2     3
  530     7     7
  531     4     5
  532     5     6
  533     7     6
  534     1     1
  535     6     5
  536     6     6
  537     6     7
  538     9    10
  539     2     2
  540     6     6
  541     3     3
  542     6     6
  543     2     1
  544     9    10
  545     8     8
  546     4     4
  547     2     1
  548     7     8
  549     5     6
  550    11    10
  551     6     6
  552     3     3
  553     5     5
  554     2     1
  555     1     1
  556     2     3
  557    10    10
  558     8     9
  559     2     2
  560     6     7
  561     1     1
  562     5     5
  563     9     8
  564     3     2
  565     9    10
  566     2     1
  567     4     3
  568     3     3
  569     6     5
  570     4     3
  571    10    10
  572     2     3
  573     9    10
  574     9     8
  575     8     7
  576     1     1
  577     2     3
  578     2     3
  579     4     5
  580     8     8
  581    10    10
  582    10     9
  583     2     3
  584     9    10
  585     1     1
  586     1     2
  587     9    10
  588     3     4
  589     8     7
  590     4     5
  591     8     7
  592     4     5
  593    11    10
  594     1     1
  595     8     8
  596     6     7
  597    10     9
  598     4     4
  599     1     2
  600     4     4
  601     7     8
  602     2     3
  603    10    10
  604     5     5
  605     9     8
  606    10     9
  607    11    10
  608     8     7
  609     4     4
  610     5     5
  611     9    10
  612     5     5
  613     2     3
  614     5     4
  615     6     6
  616     4     4
  617     8     7
  618     8     7
  619    10    10
  620     3     4
  621     5     5
  622     2     1
  623     5     5
  624     4     4
  625     6     7
  626     4     3
  627     9    10
  628     5     5
  629    10    10
  630    10    10
  631     7     8
  632     1     2
  633    11    10
  634     2     3
  635     5     6
  636     4     3
  637     1     1
  638     4     4
  639     6     5
  640     9     9
  641    11    10
  642     3     3
  643     6     6
  644     5     6
  645     8     9
  646     9     8
  647     5     5
  648    11    10
  649     5     4
  650     9    10
  651     9     9
  652     2     2
  653     7     8
  654     6     7
  655     4     5
  656    10    10
  657    10     9
  658     2     2
  659     4     4
  660     4     5
  661     1     2
  662    10     9
  663     5     4
  664    11    10
  665     5     6
  666     4     4
  667    10     9
  668     4     5
  669     7     6
  670     8     8
  671     4     5
  672     6     5
  673     6     6
  674     2     3
  675     3     3
  676    10    10
  677     1     1
  678     1     2
  679    11    10
  680     4     4
  681     6     7
  682     9    10
  683     4     4
  684     2     1
  685     1     1
  686    11    10
  687     6     5
  688     8     7
  689     5     4
  690     5     4
  691     2     1
  692     4     4
  693     8     8
  694     5     5
  695     4     3
  696     9     9
  697     2     1
  698    10     9
  699     2     2
  700     7     6
  701     5     5
  702     1     2
  703     7     7
  704     7     8
  705     6     7
  706    10     9
  707     9    10
  708     3     3
  709     9    10
  710     6     5
  711     7     8
  712    10     9
  713     2     2
  714     6     6
  715     5     6
  716     9     8
  717     9     9
  718     1     1
  719     1     2
  720     6     7
  721     1     1
  722     3     3
  723     3     4
  724     1     1
  725     9    10
  726     6     7
  727     7     6
  728     1     2
  729     7     6
  730     6     6
  731     7     7
  732     1     1
  733     4     3
  734     3     2
  735     3     4
  736     7     8
  737     8     9
  738     3     4
  739     8     7
  740     7     6
  741     2     3
  742     3     4
  743     9     9
  744     5     4
  745     3     2
  746     7     7
  747     2     2
  748     1     1
  749     1     2
  750     8     7
  751     6     7
  752     4     3
  753     2     1
  754     7     8
  755     1     1
  756     4     5
  757     5     5
  758     6     7
  759    10    10
  760     1     1
  761     7     7
  762     3     4
  763     4     5
  764     4     5
  765     5     6
  766     1     1
  767     9     8
  768     8     8
  769     5     5
  770     5     5
  771     7     6
  772     8     8
  773     2     1
  774     8     9
  775    10    10
  776     8     9
  777     1     2
  778     4     4
  779     8     7
  780     3     3
  781     6     5
  782     8     9
  783     2     2
  784     3     4
  785    10    10
  786     3     4
  787     5     6
  788     3     4
  789     9    10
  790     4     5
  791     9     9
  792     8     8
  793     6     5
  794    11    10
  795     2     3
  796     8     9
  797    11    10
  798     5     4
  799     7     6
  800    11    10
  801     9     8
  802     9     9
  803     7     7
  804     3     3
  805    10    10
  806     8     9
  807     1     1
  808     6     7
  809     9     9
  810     2     3
  811     4     5
  812     8     7
  813     1     1
  814     9     9
  815     6     6
  816     3     2
  817     6     5
  818     2     3
  819     2     1
  820     4     3
  821     4     3
  822     8     8
  823     8     7
  824    10    10
  825     8     9
  826     2     2
  827     6     6
  828     7     7
  829     1     2
  830     7     6
  831     8     8
  832     7     6
  833     8     7
  834     8     9
  835     1     2
  836     7     7
  837     1     1
  838     6     7
  839     2     3
  840     3     3
  841     6     7
  842     7     7
  843    10     9
  844     4     3
  845     4     5
  846    10    10
  847     9     8
  848    10    10
  849     3     3
  850     9    10
  851     9    10
  852     2     1
  853     3     4
  854     2     3
  855     3     4
  856     3     3
  857     9     8
  858     4     5
  859     8     7
  860     2     2
  861     5     5
  862     6     5
  863     6     5
  864     4     4
  865     7     7
  866     7     8
  867     6     5
  868    10    10
  869    10     9
  870     1     1
  871     3     2
  872     4     4
  873     7     7
  874     7     7
  875     1     2
  876     7     8
  877    10    10
  878     3     3
  879     2     3
  880     6     5
  881     8     7
  882     9    10
  883     9     9
  884     7     6
  885     8     7
  886     4     5
  887     4     5
  888    11    10
  889    10     9
  890     2     2
  891     5     4
  892     2     3
  893     8     8
  894    11    10
  895     1     1
  896     7     7
  897     5     6
  898     1     2
  899     6     5
  900     1     1
  901     2     2
  902     7     6
  903     3     4
  904     2     3
  905     1     2
  906     7     7
  907     9     9
  908     4     3
  909    11    10
  910     5     6
  911     7     7
  912     5     4
  913     6     6
  914    11    10
  915    10     9
  916     3     3
  917     8     7
  918     2     3
  919     7     6
  920     4     5
  921     6     6
  922     3     2
  923     1     2
  924     8     8
  925     5     4
  926     2     2
  927     8     8
  928     9    10
  929     4     3
  930     6     6
  931    10     9
  932    10     9
  933     9     9
  934     5     5
  935     2     3
  936     8     8
  937    10    10
  938     6     6
  939     1     1
  940    10     9
  941     5     5
  942    10    10
  943     2     1
  944     3     3
  945     9     8
  946     6     6
  947     7     6
  948     7     8
  949    10     9
  950     2     3
  951    11    10
  952     3     2
  953     7     6
  954     3     4
  955     9     8
  956     5     6
  957     8     9
  958     4     5
  959     7     6
  960     2     2
  961     4     5
  962     2     3
  963     8     9
  964     2     2
  965     3     3
  966    10     9
  967     7     6
  968     7     6
  969     9    10
  970     5     5
  971     7     8
  972     2     3
  973     3     3
  974    10    10
  975     9     8
  976     8     7
  977    10    10
  978     4     3
  979     9     9
  980     4     5
  981     3     3
  982     5     6
  983     7     7
  984     8     8
  985     5     5
  986     6     6
  987     9     8
  988     7     6
  989     9     8
  990     3     3
  991     9     8
  992     1     2
  993     8     8
  994     5     5
  995     9    10
  996     4     3
  997     4     3
  998     1     1
  999     5     6
 1000     4     4
379
