1000
    1    88   182
    2   527   442
    3   931   944
    4   827   921
    5   436   354
    6   635   728
    7   858   883
    8   849   898
    9   735   819
   10   265   192
   11    56   130
   12   382   305
   13   646   626
   14   839   850
   15   239   307
   16   565   571
   17   595   539
   18   129    86
   19   896   983
   20   521   612
   21    27    91
   22   863   942
   23    15    82
   24   770   813
   25   324   403
   26  1022   998
   27   917  1000
   28   908   822
   29   231   252
   30   281   373
   31   685   656
   32   650   602
   33   401   338
   34   569   659
   35   498   482
   36   360   311
   37     1    34
   38   527   435
   39    78    98
   40   656   589
   41   754   685
   42   183   256
   43   679   716
   44   708   716
   45   767   725
   46   345   273
   47    94   192
   48    40    64
   49   870   821
   50   971   886
   51   184   197
   52   208   254
   53   332   403
   54     1    58
   55   542   455
   56   769   710
   57   276   247
   58     1    65
   59   102   130
   60    92   192
   61   635   715
   62   152   129
   63   552   542
   64   913   953
   65   562   570
   66   497   434
   67   377   307
   68   804   725
   69   806   802
   70   476   520
   71   757   828
   72   663   588
   73   186   228
   74   114    69
   75   211   174
   76   414   503
   77   136    73
   78   135   201
   79   508   479
   80   255   201
   81    51   140
   82   254   284
   83   419   465
   84   351   280
   85   227   180
   86   222   224
   87   903   998
   88   617   650
   89     1    40
   90   451   449
   91   309   307
   92   163   203
   93   306   219
   94   514   534
   95   692   790
   96   971   899
   97   650   591
   98     1    31
   99   425   498
  100   624   554
  101   612   675
  102   604   566
  103   205   144
  104   323   334
  105   505   583
  106   924   872
  107   808   813
  108  1038   961
  109   307   253
  110   839   891
  111   273   225
  112  1019   989
  113   792   783
  114    93    63
  115   915   875
  116   581   633
  117   719   813
  118   451   495
  119   404   367
  120   428   339
  121   166    86
  122   520   527
  123   990   954
  124   572   597
  125   815   803
  126   242   165
  127   680   626
  128   863   954
  129   778   817
  130   389   377
  131   279   360
  132   398   351
  133   819   749
  134   924   934
  135   891   959
  136   252   156
  137   485   463
  138   552   649
  139   241   332
  140   828   746
  141   215   305
  142   376   447
  143   267   269
  144   943   981
  145   853   759
  146    81   152
  147   841   892
  148   394   345
  149   755   807
  150   324   360
  151   871   899
  152    86    31
  153     1     8
  154   185   186
  155   706   640
  156   781   814
  157   407   316
  158   573   629
  159    41    96
  160   577   539
  161   203   279
  162   463   433
  163   318   364
  164   792   852
  165   876   959
  166   903   944
  167   497   401
  168   361   302
  169    87   116
  170    95    15
  171   290   209
  172   944   956
  173   466   367
  174   110   188
  175   672   605
  176   141   121
  177  1006   988
  178   890   863
  179    88    44
  180   859   786
  181   418   465
  182   784   851
  183   738   674
  184   934   902
  185   142   175
  186   916   827
  187   243   292
  188   972   943
  189   313   390
  190   258   271
  191   471   424
  192   250   233
  193   477   562
  194   691   766
  195   234   175
  196     1    40
  197   701   642
  198   826   804
  199   169   101
  200   102   107
  201   574   493
  202   851   795
  203   656   557
  204   757   765
  205    44    37
  206   557   619
  207   355   358
  208    36    24
  209   155   109
  210   444   451
  211   850   762
  212    30     2
  213   518   493
  214     1    47
  215   389   324
  216   343   441
  217   402   498
  218     1    34
  219    92   143
  220   101    48
  221   413   384
  222     1    11
  223   736   811
  224   193   210
  225   343   426
  226   654   690
  227   503   529
  228   667   587
  229   457   525
  230   132    97
  231   760   691
  232  1012   964
  233   825   923
  234    62   140
  235    82   103
  236   686   630
  237   568   603
  238   730   675
  239   875   875
  240   830   763
  241   531   443
  242   819   885
  243    60     7
  244   274   201
  245   250   264
  246    13    13
  247   936   920
  248  1039   992
  249   514   498
  250   228   158
  251   173   233
  252   565   593
  253   957   891
  254   224   280
  255   326   257
  256    65    71
  257   129   214
  258   455   362
  259   689   617
  260   429   503
  261   504   521
  262   205   111
  263   846   917
  264   724   737
  265   757   805
  266   965   988
  267   559   512
  268   158   102
  269    86    67
  270   282   349
  271   557   522
  272   436   505
  273   429   438
  274   169   229
  275   161   171
  276   478   568
  277   775   845
  278   376   476
  279    78    15
  280   422   322
  281   544   519
  282   959   928
  283     1    65
  284   255   297
  285   275   206
  286   627   687
  287   425   353
  288   788   759
  289   518   471
  290   689   697
  291   475   552
  292   427   338
  293   211   134
  294    54    40
  295   460   361
  296   688   777
  297   194   164
  298   612   536
  299   775   784
  300   894   854
  301    85    58
  302   690   689
  303     1     4
  304   865   883
  305     1    45
  306   266   234
  307   989   933
  308   115   215
  309   485   434
  310   608   645
  311   609   592
  312   407   400
  313   989   968
  314   665   744
  315   954   936
  316     1    32
  317   595   603
  318   506   423
  319   102   116
  320   761   859
  321   663   652
  322    78    45
  323   620   574
  324   446   364
  325   104   131
  326   633   721
  327   458   384
  328   785   813
  329   480   464
  330   342   347
  331   149   214
  332   615   613
  333   191   283
  334   766   782
  335   113    48
  336   157   161
  337   953   993
  338   932   845
  339   107    46
  340   270   286
  341   822   911
  342   436   360
  343   844   748
  344   378   322
  345   722   710
  346   158   109
  347   321   230
  348   438   504
  349   657   679
  350   317   401
  351   282   306
  352   797   746
  353   430   382
  354   933   982
  355   385   338
  356   331   311
  357   197   129
  358   204   245
  359   606   617
  360   729   676
  361   709   688
  362   195   235
  363   114   155
  364   885   828
  365   473   556
  366   138   173
  367   750   727
  368   998   962
  369   115    41
  370   784   725
  371   173   198
  372   237   268
  373   414   462
  374   930   972
  375   619   706
  376    84    23
  377   104   129
  378   200   160
  379    44   106
  380   641   671
  381   678   757
  382  1026   949
  383   547   546
  384   264   301
  385   951   933
  386   235   301
  387   633   597
  388   661   656
  389    25    32
  390   632   642
  391   748   781
  392   842   831
  393  1024   925
  394   181   248
  395   551   558
  396   309   315
  397   190   126
  398   341   246
  399   423   432
  400   429   431
  401   340   374
  402   315   235
  403    28    84
  404   902   921
  405  1028   940
  406   224   194
  407   769   676
  408   800   736
  409   387   400
  410   301   272
  411    65    29
  412   210   253
  413   468   459
  414   958   955
  415   299   357
  416   681   588
  417   714   657
  418   207   138
  419   715   662
  420   936   898
  421   423   495
  422   104    73
  423    87     3
  424   154   166
  425   753   678
  426   298   387
  427   584   616
  428   428   394
  429   501   592
  430   616   592
  431   637   725
  432   697   728
  433    48    88
  434     1    23
  435   774   801
  436   153   231
  437   902   972
  438   333   338
  439   673   744
  440   456   357
  441   719   620
  442     1     6
  443   330   278
  444   375   332
  445   593   577
  446    74   146
  447   402   395
  448   466   447
  449   785   697
  450   434   437
  451     1    23
  452   395   315
  453   275   247
  454   681   697
  455   157   164
  456   435   456
  457  1072   981
  458   697   700
  459   546   609
  460   918   824
  461   614   643
  462   721   628
  463   633   611
  464   212   308
  465  1082   998
  466  1023   936
  467  1049   980
  468   695   748
  469   768   844
  470   420   339
  471   585   502
  472   367   301
  473   596   660
  474  1000   946
  475   977   950
  476   361   321
  477   744   777
  478    87   114
  479   708   771
  480   624   645
  481   174   133
  482   838   789
  483   472   461
  484   850   764
  485   675   615
  486   261   331
  487     1    40
  488   485   574
  489   168   119
  490   799   883
  491   394   297
  492   688   709
  493   491   503
  494   474   545
  495   162   149
  496   614   708
  497   315   361
  498   242   143
  499   361   414
  500   819   720
  501   112    77
  502   326   230
  503    90   175
  504   151   233
  505   433   473
  506   816   875
  507   702   701
  508   717   751
  509    51    41
  510   616   661
  511   505   470
  512   549   646
  513   574   630
  514   259   242
  515   342   315
  516   969   972
  517   133    80
  518   833   847
  519   513   415
  520    63    72
  521   362   279
  522   817   903
  523   807   774
  524   526   554
  525   996   899
  526   711   640
  527   701   785
  528   210   184
  529   176   153
  530    38   107
  531    68    15
  532   459   556
  533   907   846
  534   930   931
  535   617   715
  536    60    96
  537    51    67
  538   632   570
  539   180   162
  540   215   116
  541   889   793
  542   708   696
  543   777   731
  544   158   180
  545   270   348
  546   869   854
  547   718   711
  548   744   748
  549   643   626
  550   235   300
  551   468   456
  552   790   733
  553   879   795
  554   623   721
  555   712   691
  556   198   103
  557   448   520
  558   836   849
  559   666   672
  560   798   727
  561   186   261
  562   930   885
  563   496   558
  564   773   832
  565    82    80
  566   581   601
  567   655   753
  568   705   723
  569   944   985
  570     1    23
  571   348   270
  572   105    73
  573   863   930
  574   149   118
  575   408   347
  576   992   941
  577   777   823
  578   103    23
  579   995   945
  580   481   508
  581   781   820
  582   869   859
  583     1     3
  584   773   870
  585   907   971
  586   106    32
  587   332   390
  588   190   164
  589   684   677
  590   218   195
  591    97    57
  592   512   585
  593   255   350
  594   828   741
  595   135   228
  596   947   987
  597   339   299
  598   958   904
  599   512   522
  600   574   634
  601    80   108
  602   391   353
  603   812   800
  604   489   525
  605   703   708
  606   731   829
  607   841   870
  608   356   337
  609   198   294
  610  1024   925
  611     3    10
  612   964   955
  613   522   583
  614   447   404
  615   153    66
  616  1006   994
  617   386   457
  618   356   277
  619   753   840
  620   662   624
  621   397   475
  622   152   151
  623   659   605
  624   392   344
  625   511   467
  626   720   803
  627   506   480
  628   713   695
  629   623   590
  630   851   890
  631     1    38
  632   922   932
  633   610   660
  634   449   393
  635   435   466
  636  1072   993
  637   992   951
  638   467   494
  639   436   435
  640   672   609
  641    72   170
  642   958   913
  643   608   626
  644   698   786
  645   594   499
  646   258   278
  647   656   635
  648   141    50
  649   295   234
  650   865   800
  651     1     9
  652   392   452
  653   300   298
  654   403   317
  655   329   315
  656   826   730
  657   736   789
  658   562   502
  659   749   764
  660   865   785
  661   609   682
  662   715   669
  663    25    84
  664   324   410
  665   520   536
  666   348   294
  667    99    89
  668   764   765
  669   419   466
  670   247   328
  671   830   795
  672   809   805
  673   826   826
  674   858   883
  675   152   113
  676   633   600
  677   137   111
  678    76   122
  679   663   710
  680   788   854
  681   101   177
  682   604   680
  683   261   264
  684   871   831
  685   518   561
  686   913   900
  687   459   485
  688   360   407
  689   312   404
  690   809   814
  691   586   501
  692   183   204
  693   350   278
  694   612   585
  695   289   333
  696   127   139
  697    46    81
  698   527   529
  699   487   472
  700   212   256
  701   761   725
  702   764   732
  703   287   317
  704   688   668
  705   411   487
  706   590   499
  707    93   190
  708   233   263
  709   314   300
  710   168    95
  711   905   828
  712  1006   909
  713   305   212
  714   141   126
  715   919   926
  716    54    98
  717  1005   969
  718   298   221
  719   889   872
  720     1    17
  721   546   471
  722   158   173
  723   624   694
  724   985   941
  725   368   420
  726   417   367
  727     7    96
  728  1051   992
  729   911   886
  730   218   266
  731    49    37
  732   233   171
  733   535   513
  734   924   962
  735   412   434
  736   820   848
  737   428   369
  738   581   624
  739   549   617
  740   115   156
  741   572   513
  742   842   774
  743   348   429
  744   229   264
  745    74    52
  746   855   777
  747   839   842
  748   905   941
  749   381   442
  750   455   367
  751    27     7
  752   431   493
  753   565   591
  754   578   528
  755   766   781
  756   502   575
  757   609   585
  758    93     7
  759   264   270
  760    33     1
  761   956   857
  762   315   304
  763   128   225
  764   390   445
  765   965   966
  766   202   121
  767   504   578
  768   907   958
  769   191   215
  770   832   835
  771   838   876
  772    84    18
  773   993   911
  774   724   719
  775   839   800
  776   861   799
  777   750   832
  778   445   514
  779    73   117
  780   944   863
  781   193   195
  782   662   579
  783   169   232
  784   128   174
  785   203   140
  786   703   794
  787   344   306
  788   849   784
  789   933   880
  790   808   905
  791   283   319
  792   437   518
  793   869   775
  794   161   220
  795   884   963
  796   653   639
  797   954   860
  798   424   474
  799   172   156
  800   525   560
  801   418   378
  802   700   619
  803   121    37
  804   984   903
  805   764   830
  806   794   729
  807   451   511
  808     1    17
  809   333   369
  810   725   753
  811   391   455
  812   594   617
  813   871   901
  814   975   969
  815   307   316
  816   466   402
  817   481   405
  818   663   673
  819   351   311
  820   119   193
  821   367   423
  822   769   868
  823  1066   987
  824   945   990
  825   216   139
  826   179   182
  827   164   236
  828   549   537
  829    37   122
  830   461   556
  831   477   498
  832    80    46
  833   193   177
  834   759   769
  835   142   212
  836   256   307
  837   424   341
  838   969   997
  839   297   343
  840   127   103
  841   572   567
  842   254   317
  843   201   119
  844    33    83
  845   471   535
  846   939   840
  847    64   138
  848    92    50
  849   803   803
  850   716   630
  851   875   930
  852   831   881
  853   794   894
  854   618   673
  855   938   864
  856   563   593
  857   722   658
  858   645   565
  859    73    27
  860   978   882
  861   110   185
  862   912   905
  863   403   465
  864   994   904
  865   340   397
  866   341   348
  867   271   195
  868  1056   960
  869   986   949
  870    82   131
  871   224   202
  872  1007   944
  873   266   257
  874   288   207
  875   149   102
  876   233   228
  877     1    10
  878   284   233
  879   149   123
  880    63     5
  881   841   837
  882   545   600
  883   463   499
  884   266   346
  885     1    47
  886   327   295
  887   374   465
  888   169   240
  889   956   919
  890   323   242
  891   409   474
  892    72    43
  893   437   488
  894   451   510
  895   156   171
  896   299   317
  897   213   286
  898   339   262
  899   896   895
  900   327   411
  901   679   622
  902   172   186
  903   514   464
  904   348   253
  905   455   432
  906   320   407
  907   298   259
  908   913   813
  909   296   310
  910  1024   956
  911   143    47
  912    81   164
  913   463   436
  914    36    80
  915  1019   979
  916   803   833
  917   582   647
  918   756   703
  919   155    76
  920     1    35
  921   203   296
  922   100   132
  923   269   222
  924   898   868
  925   614   544
  926   163   262
  927   828   768
  928   240   310
  929   746   763
  930   102   156
  931   664   699
  932   684   599
  933   923   959
  934   560   515
  935   133   113
  936   118   118
  937   509   500
  938   617   716
  939   965   951
  940   284   229
  941   817   835
  942   219   120
  943   651   701
  944   824   743
  945   834   848
  946   273   366
  947   317   346
  948   172   128
  949   575   649
  950    77   153
  951    86    10
  952   382   402
  953   850   846
  954   203   204
  955    86    58
  956   434   396
  957   989   969
  958   829   815
  959   100    96
  960   609   522
  961     1     5
  962   340   353
  963   524   429
  964   740   722
  965   432   513
  966   186   269
  967   989   916
  968   671   706
  969   126   100
  970   480   495
  971   300   298
  972   945   973
  973   108    63
  974   662   590
  975   191   118
  976   873   797
  977    40    40
  978   111   113
  979    40    79
  980   381   415
  981   612   603
  982   140   156
  983   449   467
  984   161    68
  985    75   105
  986   894   906
  987   642   548
  988   407   316
  989   875   778
  990   472   433
  991   698   778
  992   139   122
  993   131    68
  994   119    35
  995   163   230
  996   535   573
  997  1021   963
  998   496   481
  999   478   386
 1000   252   234
33969
