100
    1     7     6
    2     4     4
    3     7     6
    4     2     1
    5     7     8
    6     9    10
    7     4     5
    8    10    10
    9     1     1
   10    10    10
   11    11    10
   12     1     1
   13     2     2
   14     7     8
   15     2     3
   16    10     9
   17     8     9
   18     1     2
   19     2     1
   20     2     2
   21     4     3
   22     6     6
   23    10    10
   24     3     3
   25    10     9
   26     6     6
   27     2     2
   28     8     8
   29     5     6
   30     1     1
   31     9     8
   32    10    10
   33    10    10
   34     3     3
   35     4     4
   36     1     1
   37     1     2
   38     9     9
   39     3     4
   40     8     7
   41     6     7
   42     6     6
   43     9     8
   44     3     2
   45     1     1
   46    10     9
   47     9     8
   48     5     6
   49     9     9
   50     4     4
   51     8     7
   52     4     4
   53     7     7
   54     2     2
   55     7     7
   56     2     2
   57     3     3
   58     5     5
   59     6     6
   60     5     4
   61     2     3
   62     3     3
   63     4     4
   64     8     7
   65     7     8
   66     1     2
   67     8     7
   68     6     7
   69     5     6
   70    10    10
   71     3     2
   72     5     4
   73     8     8
   74     2     1
   75     7     6
   76     4     5
   77     4     3
   78     9     9
   79     9     9
   80     1     1
   81     6     6
   82     4     4
   83     9     9
   84     7     8
   85     9     8
   86     7     6
   87     2     2
   88    11    10
   89     7     6
   90     6     5
   91     8     7
   92     2     3
   93     6     5
   94    11    10
   95     8     8
   96     3     3
   97     5     5
   98     4     3
   99     5     6
  100     5     6
11
