1000
    1    79    83
    2    64    63
    3    10     9
    4     1     6
    5    60    67
    6    54    61
    7    81    76
    8    62    63
    9    60    60
   10    80    77
   11    76    67
   12    85    90
   13    17     7
   14    84    75
   15    86    84
   16    31    32
   17    88    88
   18    24    31
   19    35    40
   20     1     5
   21    19    24
   22   102    95
   23     6    15
   24    43    42
   25    14    20
   26    99    91
   27    20    29
   28    77    75
   29   103    97
   30    79    86
   31    91    93
   32    23    15
   33    65    63
   34   102    92
   35    89    95
   36    66    76
   37    83    91
   38    54    56
   39    79    79
   40    72    74
   41     6     6
   42     7     9
   43     1     1
   44    29    37
   45    57    50
   46    11    14
   47    25    29
   48    82    77
   49     3    10
   50    77    79
   51    29    22
   52    32    31
   53    84    76
   54    63    55
   55    95   100
   56    43    51
   57    84    80
   58    91    94
   59    57    59
   60    65    65
   61    63    56
   62   103    98
   63    52    59
   64    67    70
   65    62    67
   66    25    23
   67   104    96
   68    47    42
   69    35    35
   70    78    69
   71    67    65
   72    54    45
   73    19    17
   74     1     6
   75    62    55
   76   104   100
   77    92    94
   78    14    22
   79    86    92
   80    90    86
   81     9     1
   82    79    73
   83    33    26
   84    44    49
   85    77    69
   86    26    21
   87    76    71
   88   101    99
   89    81    73
   90   107    98
   91    31    32
   92    88    84
   93     9    16
   94    46    55
   95    18    11
   96    46    44
   97    50    52
   98    56    56
   99    47    51
  100    35    39
  101    90    80
  102    31    35
  103    81    73
  104    18    27
  105    62    52
  106    63    73
  107    13    14
  108    91    90
  109    69    62
  110    50    44
  111    65    70
  112    62    54
  113    59    52
  114    86    88
  115    96   100
  116    55    50
  117    61    62
  118    53    48
  119   110   100
  120    49    52
  121    31    35
  122    53    52
  123     9     7
  124    44    42
  125    11     4
  126     7    14
  127    20    19
  128    80    87
  129    82    90
  130     1    10
  131    10    17
  132    73    72
  133    81    90
  134    70    71
  135    42    36
  136     1     5
  137    46    48
  138     4    14
  139    73    65
  140    37    39
  141    79    78
  142     1     4
  143   107    98
  144    62    66
  145    25    20
  146    99    93
  147    62    65
  148     6    10
  149    74    68
  150    89    81
  151    58    48
  152    76    72
  153    64    57
  154    47    55
  155    39    33
  156    42    51
  157     7     5
  158    62    58
  159    11    21
  160    66    56
  161    57    60
  162    41    38
  163    83    73
  164    19    21
  165    54    56
  166    10     1
  167     1     2
  168    32    39
  169    71    81
  170    64    56
  171    63    62
  172    68    65
  173    62    72
  174    60    57
  175     5    14
  176    59    50
  177    18    25
  178   102    92
  179     9     1
  180   107    99
  181    48    54
  182    13     4
  183    19    11
  184    86    95
  185    35    36
  186    18    24
  187    13    21
  188    77    76
  189    40    39
  190    68    60
  191    33    37
  192    13    14
  193    90    99
  194    40    47
  195    90    92
  196    79    69
  197    35    31
  198    78    81
  199    79    70
  200    83    76
  201    68    74
  202    54    44
  203    59    54
  204    22    14
  205    40    30
  206    41    32
  207    32    35
  208    14     9
  209     1     6
  210    29    28
  211     9     3
  212    65    59
  213    52    42
  214    47    52
  215    82    89
  216    70    70
  217    12    11
  218     1     7
  219    75    84
  220   106    97
  221    47    53
  222    25    20
  223    67    60
  224    18    19
  225    74    67
  226    89    91
  227    57    66
  228    30    32
  229    44    54
  230    13     6
  231    98    92
  232    63    65
  233    79    84
  234    98    93
  235    58    48
  236    63    67
  237    76    72
  238    84    92
  239     6     4
  240    99    96
  241    80    88
  242    66    66
  243    77    80
  244    93    94
  245     9    13
  246    46    38
  247    34    25
  248    56    53
  249    31    27
  250    76    79
  251    32    42
  252    53    58
  253    39    32
  254    52    49
  255    94    86
  256    14     8
  257     7     7
  258    22    19
  259    39    42
  260    60    68
  261    56    50
  262    70    60
  263    85    82
  264    78    82
  265    35    34
  266    56    57
  267    51    41
  268    49    47
  269    45    48
  270    54    62
  271    31    31
  272    28    18
  273    63    63
  274    54    58
  275    46    40
  276    94    89
  277    58    50
  278     1     1
  279    94    88
  280    60    67
  281    46    52
  282    76    77
  283    38    30
  284    98    94
  285     4     3
  286    36    32
  287    99    98
  288    67    60
  289    59    64
  290    90    90
  291    37    41
  292    75    75
  293    36    39
  294    99    93
  295    48    42
  296    45    38
  297    84    77
  298    47    49
  299    56    65
  300   100    99
  301    22    15
  302    14    14
  303    61    69
  304    46    40
  305    83    90
  306    44    43
  307    63    62
  308     5     4
  309     3    11
  310    38    46
  311    23    33
  312   103    93
  313    74    69
  314    63    69
  315    71    81
  316    59    53
  317    41    32
  318    90    88
  319    64    61
  320    53    44
  321    92    93
  322    46    42
  323    58    59
  324    82    73
  325    98   100
  326   104    98
  327     5     1
  328    66    70
  329     6     1
  330    38    48
  331    91    95
  332    78    74
  333    81    72
  334    76    67
  335    75    81
  336    58    58
  337    98    90
  338     9    14
  339     3     7
  340    29    27
  341    35    44
  342    64    69
  343    19    25
  344    81    87
  345    23    19
  346    83    74
  347    52    55
  348    65    61
  349   109   100
  350    64    62
  351    20    27
  352    13    15
  353    25    19
  354    34    39
  355     8     7
  356    46    40
  357    17    10
  358    14    18
  359    60    62
  360    64    69
  361    71    61
  362    89    84
  363    64    68
  364    97    89
  365    16    21
  366    44    46
  367    39    40
  368    38    35
  369    21    30
  370    24    22
  371    67    71
  372    34    41
  373    51    43
  374    19    25
  375     8     7
  376    45    44
  377    52    62
  378    55    49
  379    85    95
  380    55    48
  381    72    74
  382    14     6
  383    73    63
  384    99    94
  385    78    70
  386    32    22
  387    87    94
  388    91    97
  389    87    89
  390    30    35
  391     1    10
  392    62    60
  393    32    26
  394    71    73
  395     6    15
  396    46    36
  397    48    51
  398     7     7
  399    21    29
  400    39    48
  401    87    91
  402    70    64
  403    12     5
  404    17    10
  405    29    29
  406    31    31
  407     1     5
  408    57    53
  409    52    45
  410    73    77
  411   101    98
  412    55    58
  413    51    56
  414    50    40
  415    85    82
  416    27    29
  417    94    90
  418    64    63
  419    82    91
  420    88    91
  421     1     4
  422    22    14
  423    44    48
  424    93    95
  425    33    23
  426    37    28
  427     8     9
  428    46    55
  429    96    93
  430    77    77
  431    60    54
  432    86    93
  433    72    73
  434    35    36
  435    67    62
  436    69    60
  437    84    85
  438    59    51
  439    74    77
  440    68    74
  441    49    45
  442    85    95
  443    84    75
  444    39    45
  445    39    34
  446    12    19
  447    89    88
  448    41    44
  449    71    78
  450    93    98
  451    31    40
  452    97   100
  453    95    96
  454    76    70
  455    11    21
  456     4     1
  457    15    10
  458    70    65
  459    75    66
  460    36    29
  461    78    80
  462    55    45
  463    66    68
  464     7     9
  465    96    87
  466    33    25
  467    77    81
  468    50    45
  469    55    65
  470    85    76
  471    45    35
  472    25    30
  473    59    57
  474   104    95
  475     7     3
  476   101    94
  477     8     6
  478     7    11
  479    92    84
  480    48    42
  481    59    62
  482    56    62
  483    78    82
  484    29    25
  485     1     4
  486    77    68
  487    23    25
  488     5    15
  489    51    48
  490   102   100
  491    73    74
  492    36    30
  493    11    20
  494    90    86
  495    18    18
  496    22    17
  497    49    42
  498    89    88
  499    57    59
  500    58    53
  501    12     2
  502    31    39
  503    14    20
  504    91    98
  505    51    58
  506    29    28
  507    13    22
  508    59    60
  509   101    94
  510    42    50
  511    46    51
  512    21    19
  513    52    59
  514    33    39
  515     6    12
  516   101    93
  517    30    25
  518    49    40
  519    21    16
  520    45    53
  521   106   100
  522    14     8
  523    16    11
  524    45    43
  525    86    80
  526    65    73
  527    89    98
  528    13     9
  529     6    14
  530    87    80
  531    64    68
  532    38    45
  533    77    83
  534    14    16
  535    60    56
  536    68    77
  537    79    80
  538    91    91
  539    51    43
  540    56    53
  541     3    10
  542    24    21
  543    15    20
  544    48    41
  545    35    29
  546    27    31
  547    18    12
  548     1     9
  549     5     7
  550    50    41
  551    34    25
  552    45    50
  553    38    28
  554    32    22
  555     6     8
  556    32    28
  557    42    37
  558    65    70
  559     9     5
  560    20    12
  561   101    94
  562    60    50
  563    80    87
  564    51    45
  565    46    49
  566    78    70
  567    40    42
  568     5    12
  569    94    94
  570    88    88
  571    31    35
  572     8    10
  573    80    87
  574    61    51
  575    35    28
  576    94    90
  577    63    56
  578    82    76
  579    93    86
  580    45    37
  581    73    73
  582    41    44
  583    26    16
  584    30    31
  585    58    56
  586    58    53
  587    29    39
  588    14    21
  589    33    38
  590    37    28
  591    73    78
  592    51    54
  593    46    43
  594    64    54
  595    63    61
  596    46    36
  597    42    36
  598    11    17
  599    72    79
  600    87    83
  601    48    57
  602     1     2
  603    62    53
  604     1     2
  605    78    73
  606    28    26
  607    20    23
  608    61    54
  609    80    83
  610    37    42
  611    84    79
  612    78    76
  613    55    64
  614    89    81
  615     7    15
  616    21    19
  617    69    62
  618     1     6
  619     9     5
  620    68    73
  621    32    28
  622    50    52
  623    82    78
  624     3    13
  625    58    60
  626    58    56
  627    42    49
  628    44    40
  629    87    91
  630    64    59
  631     6     3
  632     2     1
  633    78    69
  634    36    38
  635    94    95
  636    71    74
  637    67    76
  638    37    31
  639    39    32
  640    52    62
  641    20    15
  642    18    22
  643    68    75
  644    68    71
  645    79    72
  646     1     3
  647    90    84
  648    58    67
  649     1     3
  650    82    89
  651     9     6
  652    28    33
  653    22    27
  654    65    66
  655    94   100
  656    97    91
  657    83    74
  658    79    83
  659    47    57
  660    48    38
  661     7     7
  662     9    14
  663    75    69
  664    79    71
  665    42    45
  666    69    59
  667     8    14
  668    36    34
  669    86    91
  670    18    17
  671     7     4
  672   100    94
  673    33    31
  674    13     4
  675    45    46
  676    16    17
  677    55    56
  678    51    51
  679    92    87
  680     1     3
  681    69    78
  682     1     1
  683    79    89
  684    54    52
  685    86    90
  686    19     9
  687    30    30
  688    87    96
  689    76    69
  690    49    51
  691    54    62
  692    74    65
  693    61    51
  694    32    26
  695    20    14
  696    62    72
  697     7    10
  698    45    54
  699    84    93
  700    28    21
  701    80    82
  702     9     9
  703    96    98
  704    72    81
  705    14     8
  706    98    92
  707    18    19
  708    79    80
  709     4     9
  710    98    88
  711    46    37
  712    85    86
  713    39    41
  714    66    67
  715    65    59
  716    34    39
  717    60    58
  718    34    30
  719    79    77
  720    37    46
  721     2     8
  722    31    34
  723    80    79
  724    60    66
  725    32    25
  726    85    76
  727    74    73
  728    27    37
  729    32    31
  730    58    59
  731    36    34
  732    18    12
  733    75    66
  734    33    43
  735    89    95
  736     3     5
  737     7     6
  738   103    93
  739     1     6
  740    43    37
  741    37    38
  742    87    95
  743    40    38
  744    82    77
  745    78    77
  746    47    38
  747    43    43
  748    16     6
  749    88    87
  750    34    44
  751    14    12
  752    10    14
  753    83    92
  754    26    25
  755    41    46
  756    14    12
  757    17    22
  758    25    16
  759     1     7
  760    16    10
  761    79    86
  762    34    37
  763    21    14
  764    71    66
  765    26    23
  766     1     2
  767    18    19
  768    12    15
  769    67    76
  770    28    20
  771     5     5
  772    13    23
  773    30    24
  774    74    84
  775    43    49
  776    25    16
  777    59    49
  778    16    15
  779    70    78
  780    87    80
  781    46    36
  782    20    16
  783    21    17
  784    74    75
  785   101    97
  786    77    75
  787    76    67
  788    77    81
  789    63    61
  790    99    94
  791     1     4
  792    44    51
  793    83    84
  794    32    33
  795    84    88
  796     8    12
  797    12    13
  798    77    75
  799    67    69
  800    50    57
  801    23    15
  802    63    56
  803    33    34
  804    46    40
  805    14     7
  806    20    10
  807    47    56
  808    70    66
  809    95    98
  810    33    26
  811    92   100
  812    80    82
  813    15    10
  814    50    46
  815    19    13
  816    54    51
  817     6    10
  818    37    30
  819    97    92
  820   103    94
  821    82    72
  822    17    21
  823    24    24
  824     6    15
  825    43    48
  826    72    79
  827    81    73
  828    61    62
  829    42    51
  830    19    29
  831    77    71
  832    50    59
  833    45    46
  834    76    78
  835    10    17
  836    35    32
  837    36    30
  838    13    18
  839    58    64
  840    34    24
  841    12     4
  842    70    66
  843    45    52
  844    74    68
  845    85    76
  846    64    57
  847    68    67
  848    56    55
  849   108   100
  850    93    95
  851     7     7
  852    79    78
  853    48    47
  854    75    78
  855    83    77
  856    38    42
  857    68    63
  858    76    66
  859    90    88
  860    79    75
  861    66    58
  862    31    34
  863    28    30
  864    95    93
  865    51    54
  866    59    49
  867    48    52
  868    78    77
  869     3     2
  870    24    20
  871    44    43
  872    38    29
  873    12    22
  874    89    96
  875    68    63
  876    30    25
  877    40    31
  878    26    22
  879     3     4
  880    64    54
  881    59    66
  882    48    49
  883    62    60
  884    78    79
  885    49    56
  886   104    96
  887   106    98
  888    10     1
  889    48    40
  890    79    87
  891   107    99
  892    96    96
  893    20    13
  894   106    99
  895    13     4
  896    68    78
  897    79    87
  898    55    59
  899    46    56
  900    11    16
  901    14    11
  902    32    23
  903    34    41
  904    57    62
  905    66    73
  906    76    68
  907    60    64
  908    32    38
  909    49    51
  910    19    29
  911    34    40
  912    73    81
  913    49    45
  914    79    77
  915    14    16
  916    93    86
  917    70    72
  918    42    44
  919   100    93
  920     3     8
  921    42    33
  922    69    73
  923    41    31
  924    90    97
  925    68    65
  926   107    99
  927    86    93
  928    69    71
  929    63    64
  930    45    49
  931    20    20
  932    89    92
  933     8    16
  934    46    36
  935    58    62
  936     6    15
  937    38    37
  938    48    49
  939    93   100
  940    75    66
  941    25    20
  942    59    65
  943    48    58
  944    78    88
  945    67    77
  946    13    15
  947    58    55
  948    78    85
  949    12    18
  950    86    86
  951    49    39
  952    45    43
  953    66    71
  954    13     9
  955    62    55
  956    42    33
  957    68    70
  958    59    68
  959    63    73
  960   105    99
  961    14    10
  962    36    30
  963    85    78
  964    49    47
  965    87    82
  966    62    62
  967    87    89
  968    12    19
  969    34    33
  970    55    64
  971    65    75
  972    78    86
  973    52    56
  974    33    23
  975   101    91
  976    20    14
  977    33    37
  978     1    10
  979    59    68
  980     8     8
  981    49    56
  982    78    81
  983     5    12
  984    54    49
  985    69    62
  986    56    59
  987    18    17
  988    77    73
  989    30    27
  990    94    94
  991    28    19
  992    72    63
  993    30    37
  994    34    24
  995    67    75
  996    75    74
  997   110   100
  998    33    38
  999     1     7
 1000    95    99
4080
