1000
    1    17    22
    2    13    14
    3    46    36
    4    81    81
    5    50    54
    6    87    96
    7    10    11
    8    33    34
    9    15    11
   10    46    44
   11    31    26
   12    59    69
   13    44    46
   14    90    98
   15    38    47
   16    33    31
   17    92    95
   18     8     2
   19    55    55
   20    80    88
   21    49    59
   22    25    30
   23    44    54
   24     1     1
   25    35    35
   26    64    74
   27    23    32
   28    55    62
   29    77    68
   30    33    25
   31    63    60
   32   100    98
   33    90    82
   34    18    23
   35    33    30
   36    59    51
   37    65    62
   38    45    51
   39    30    26
   40    93    97
   41     5     1
   42    98    92
   43    18    20
   44    68    76
   45    73    73
   46    13    17
   47    31    36
   48     2    12
   49    23    17
   50    66    62
   51    87    97
   52    34    42
   53    62    63
   54    25    18
   55    37    27
   56    96    94
   57    19    19
   58     1     1
   59    80    70
   60    85    92
   61    51    47
   62     1     1
   63    70    70
   64    81    89
   65    39    38
   66    30    30
   67    47    47
   68    71    61
   69    30    22
   70    70    76
   71    91    84
   72     1     8
   73    34    24
   74    22    25
   75    52    54
   76    59    67
   77    79    85
   78    11    13
   79    67    75
   80     1     5
   81    38    40
   82    30    24
   83    63    65
   84    55    48
   85    71    68
   86    97    88
   87    59    58
   88    41    50
   89     3     4
   90    90    97
   91     9     7
   92    22    27
   93    69    79
   94    90    94
   95     6     2
   96    69    71
   97    50    47
   98    88    83
   99    97    90
  100    63    58
  101   102    99
  102    44    38
  103    22    28
  104    56    66
  105     4    11
  106     6    16
  107     6     9
  108    90    97
  109    69    69
  110    89    83
  111    96    93
  112    82    77
  113     9     3
  114    12    11
  115    69    71
  116    66    65
  117    72    69
  118    90    83
  119    23    27
  120    26    35
  121    98    98
  122    23    27
  123    50    42
  124    20    17
  125     9     3
  126    62    69
  127    56    54
  128    23    22
  129    26    25
  130    50    45
  131    74    84
  132    17    15
  133    81    89
  134    38    34
  135    92    99
  136    62    60
  137    74    75
  138    86    93
  139    57    56
  140    79    78
  141     9     9
  142    65    63
  143    48    53
  144    80    89
  145    55    63
  146    42    36
  147    53    52
  148    77    85
  149    17    15
  150    26    28
  151    48    51
  152     6    15
  153    23    16
  154     4    14
  155    63    64
  156     1    10
  157    17    16
  158    10    13
  159    56    48
  160    69    71
  161     1     3
  162    13    17
  163    68    76
  164    66    72
  165    83    75
  166    73    72
  167    97    97
  168    50    50
  169     4    12
  170   108    99
  171    53    45
  172    28    24
  173    45    43
  174    64    64
  175    68    73
  176     1     1
  177    31    40
  178    93    99
  179    57    60
  180    27    34
  181    57    57
  182    36    39
  183    35    26
  184    81    78
  185    31    27
  186    39    43
  187    32    24
  188    65    63
  189    42    46
  190     5    11
  191    79    76
  192    16     9
  193    67    62
  194   108    98
  195    51    55
  196    76    76
  197    90    90
  198    47    40
  199    26    25
  200    93    83
  201    29    21
  202    95    99
  203    11    17
  204    73    69
  205    69    69
  206    78    71
  207    41    50
  208    39    36
  209    14    17
  210    47    39
  211     1     2
  212    33    26
  213    56    53
  214    77    83
  215    10    12
  216    62    69
  217    98    94
  218    95    86
  219    77    83
  220    47    44
  221     1     4
  222    20    19
  223    66    67
  224    75    70
  225    60    62
  226    44    38
  227    36    29
  228     1    11
  229    18    13
  230    65    65
  231    45    39
  232    64    56
  233    80    79
  234    71    80
  235    76    71
  236    32    30
  237     9    19
  238     4     7
  239    10     7
  240    18    27
  241    62    67
  242    52    61
  243     8     7
  244    35    25
  245    79    72
  246    62    57
  247    47    52
  248    96    96
  249    91    82
  250    36    30
  251     3     1
  252    26    33
  253    35    31
  254    55    52
  255    98    93
  256    62    67
  257    43    46
  258    78    78
  259    17    13
  260    39    43
  261     1     1
  262    11    15
  263     6     9
  264    10     5
  265    90    85
  266     6    16
  267    51    44
  268    71    70
  269    48    51
  270    11     1
  271    35    30
  272    51    53
  273    43    34
  274    22    17
  275    46    47
  276    83    80
  277    83    81
  278    33    32
  279    28    19
  280    36    38
  281    97    87
  282    50    40
  283     1     1
  284    67    57
  285    70    70
  286     9     7
  287    18    17
  288    10     3
  289    50    51
  290    21    25
  291    45    44
  292    29    38
  293    58    62
  294    66    72
  295    90    89
  296    77    85
  297    11    12
  298    94    88
  299     6    12
  300    64    70
  301    27    34
  302    30    37
  303    55    52
  304    14    11
  305    69    69
  306    34    42
  307    62    69
  308    73    63
  309    20    22
  310    50    45
  311    84    76
  312    34    24
  313    16    12
  314    50    48
  315    56    60
  316    96   100
  317    33    43
  318    53    59
  319    39    32
  320    19    27
  321    32    40
  322    55    61
  323    81    86
  324    28    28
  325    57    59
  326    63    61
  327    73    64
  328    84    85
  329    27    24
  330    91    95
  331    38    38
  332    29    25
  333    70    79
  334    42    38
  335     9    16
  336    70    69
  337    58    49
  338    16    17
  339    43    50
  340    26    26
  341    39    31
  342    31    24
  343    46    40
  344    13    10
  345    31    22
  346   100    97
  347    21    30
  348    38    28
  349    52    43
  350    62    61
  351    25    22
  352    70    70
  353    25    26
  354   107    98
  355    12    14
  356    59    51
  357     9     5
  358    12     5
  359    90    89
  360    51    52
  361    99    96
  362    38    39
  363    46    55
  364    94    88
  365    44    44
  366    32    37
  367    36    27
  368    24    18
  369    90    81
  370    90    93
  371    44    54
  372    18    20
  373    80    86
  374    17     8
  375    13     6
  376    38    43
  377    59    49
  378    59    60
  379    98    98
  380     6    11
  381    40    45
  382    77    69
  383    92    82
  384    85    77
  385    86    89
  386    17    17
  387    48    57
  388    56    48
  389    14     4
  390    26    22
  391    62    57
  392     3     7
  393    74    73
  394     6     4
  395    32    34
  396    96    87
  397    92    82
  398   101    98
  399    41    44
  400    56    59
  401    53    50
  402    68    63
  403    55    52
  404    71    65
  405    82    92
  406    46    46
  407    55    60
  408    21    16
  409    11    16
  410    37    44
  411    53    49
  412    89    81
  413    14    19
  414    14    15
  415    50    53
  416    76    72
  417    20    25
  418    30    38
  419    51    50
  420    23    26
  421     2    11
  422     6     9
  423    17    23
  424    50    54
  425    10     2
  426    33    23
  427    49    40
  428    60    54
  429    83    84
  430    11     4
  431    44    53
  432     7    16
  433    90   100
  434    15    15
  435    57    57
  436    63    59
  437    78    72
  438    81    82
  439    65    60
  440    44    37
  441    72    68
  442    61    54
  443    45    38
  444    27    28
  445     4     5
  446    61    58
  447    69    71
  448     3     7
  449    21    25
  450    90    89
  451     1     3
  452    20    27
  453     1     3
  454    59    61
  455    46    36
  456    24    24
  457    25    17
  458    87    84
  459    37    33
  460    68    60
  461    91    95
  462    58    56
  463    80    87
  464     1     4
  465    85    94
  466    30    32
  467    26    28
  468    58    64
  469    11    12
  470    81    91
  471    73    70
  472    89    81
  473    24    24
  474     8     2
  475    80    82
  476    72    77
  477    59    65
  478    20    26
  479    10    15
  480     1     9
  481    26    17
  482     1     1
  483    68    77
  484    68    68
  485     1     3
  486    84    79
  487    40    48
  488     1     2
  489    54    51
  490    21    19
  491    31    37
  492    15    17
  493    35    31
  494    29    29
  495    65    73
  496    68    68
  497    45    37
  498    61    63
  499    39    30
  500    83    84
  501    34    29
  502    51    42
  503    46    43
  504    77    77
  505    92    89
  506    50    59
  507    59    65
  508    61    71
  509    32    33
  510    65    57
  511   104    98
  512    11     2
  513    64    66
  514    11     6
  515    30    27
  516    36    36
  517    53    44
  518    65    75
  519    61    67
  520     4     4
  521    39    39
  522    84    79
  523    36    26
  524   100    94
  525    70    71
  526    50    60
  527    76    81
  528    71    80
  529    44    53
  530    58    63
  531    57    51
  532    93    96
  533     1     2
  534    45    39
  535    46    51
  536    81    72
  537    17    15
  538    93    90
  539    39    38
  540    59    64
  541    83    81
  542    54    48
  543    75    79
  544    23    28
  545    72    80
  546    92    98
  547    17     7
  548    45    52
  549    66    58
  550    31    36
  551    71    80
  552    21    21
  553    69    67
  554    54    61
  555    29    23
  556    85    95
  557   108   100
  558    58    65
  559   101    92
  560    31    39
  561    35    29
  562    31    25
  563    95    86
  564    76    80
  565    57    52
  566    86    77
  567   101    97
  568    70    67
  569    50    45
  570    78    71
  571    55    62
  572    26    25
  573     1     2
  574    33    30
  575    71    75
  576    93    93
  577    36    43
  578    14    11
  579    27    37
  580    98    92
  581    64    56
  582     9    19
  583    63    55
  584    69    78
  585    90    83
  586    56    48
  587    35    42
  588    31    40
  589    71    81
  590    60    59
  591    66    69
  592    60    53
  593    17    26
  594    94    97
  595    90    96
  596    95    91
  597    42    51
  598    64    56
  599    49    42
  600    33    42
  601     1     8
  602     4     5
  603    28    36
  604    26    17
  605     7     4
  606    91    97
  607    69    62
  608    16    17
  609   100    94
  610    66    57
  611    69    78
  612    67    71
  613    55    63
  614    91    88
  615    28    22
  616    48    46
  617    34    37
  618    62    65
  619    30    28
  620    29    24
  621    70    63
  622    48    47
  623    53    57
  624    19    24
  625    34    43
  626    83    91
  627    50    60
  628    65    59
  629    25    34
  630    15    10
  631    17    22
  632     1     4
  633    84    80
  634    12    17
  635   108    98
  636    78    73
  637    52    55
  638    94    94
  639    41    47
  640    43    49
  641    43    38
  642    19    25
  643    24    30
  644    99    98
  645    15     7
  646    67    74
  647    49    47
  648    29    30
  649     1     6
  650    31    40
  651    12    21
  652    90    80
  653    85    82
  654    22    17
  655    22    27
  656    81    82
  657     1     5
  658    68    74
  659    86    96
  660    80    81
  661    69    78
  662    42    41
  663    86    96
  664    22    18
  665    96   100
  666    84    90
  667    38    41
  668    35    41
  669     7    14
  670    78    76
  671    17    11
  672    92    97
  673    59    50
  674    57    47
  675    31    33
  676    26    28
  677    37    31
  678    63    54
  679    60    50
  680    54    62
  681    64    69
  682    36    44
  683    50    60
  684    44    51
  685    51    49
  686     6    12
  687   106    97
  688    54    59
  689    52    44
  690    56    62
  691     9     5
  692    58    56
  693    87    86
  694    35    25
  695    61    57
  696    58    55
  697     4    13
  698    91    81
  699   102    92
  700    34    44
  701     9     1
  702    66    76
  703    33    37
  704    76    68
  705    61    55
  706    62    71
  707    74    82
  708    94    95
  709     8    16
  710    81    71
  711   104    96
  712     4     1
  713    97    96
  714    68    66
  715    87    94
  716    86    82
  717    62    69
  718    35    37
  719    50    52
  720     6     1
  721    62    71
  722    64    73
  723    17    10
  724    95    93
  725    95    96
  726    85    75
  727   100    92
  728    60    56
  729     4    10
  730   103    98
  731   103    97
  732     2     3
  733    50    45
  734    29    38
  735    99    90
  736    79    72
  737    14    13
  738    99   100
  739     1     5
  740    85    84
  741     6     5
  742    37    42
  743    52    45
  744    15     8
  745   105   100
  746    31    33
  747    41    38
  748    19    25
  749    60    58
  750    74    67
  751   104    95
  752    14     5
  753    42    35
  754    47    44
  755    80    73
  756    34    27
  757    36    33
  758    20    23
  759    78    70
  760    16    13
  761    83    93
  762    19    24
  763    21    21
  764    16    13
  765    39    38
  766    59    53
  767    61    70
  768    89    82
  769    79    71
  770    45    43
  771     6    12
  772    43    50
  773    19    11
  774     1     7
  775    48    56
  776    27    23
  777    71    64
  778    19    14
  779    64    73
  780    95    95
  781    37    35
  782    67    75
  783    43    40
  784    77    74
  785    67    60
  786    12    22
  787     1    10
  788    39    44
  789     8     8
  790    49    53
  791    33    31
  792    91    86
  793    30    39
  794    73    72
  795     3    11
  796    51    43
  797    57    48
  798    77    70
  799     1     8
  800    17    20
  801    30    26
  802    79    79
  803    46    45
  804    54    55
  805    17    14
  806     7     5
  807    23    27
  808     8    13
  809    56    53
  810    60    57
  811    21    27
  812     7     5
  813    72    65
  814    10    17
  815    82    80
  816     1     6
  817    35    33
  818    54    45
  819    82    91
  820    30    37
  821    38    31
  822    55    56
  823    39    39
  824    77    86
  825    10     3
  826    49    46
  827    73    80
  828    99    93
  829    54    54
  830    61    56
  831    68    58
  832   102    94
  833   100    97
  834    71    77
  835    99    92
  836    11     7
  837    91    89
  838    20    13
  839    12    11
  840    79    75
  841    77    71
  842    24    25
  843    85    83
  844    46    43
  845    73    75
  846    30    24
  847    70    66
  848    32    38
  849    66    67
  850    57    66
  851    73    70
  852    36    41
  853    37    30
  854   102    97
  855    62    60
  856    52    49
  857    86    86
  858    56    57
  859    76    83
  860    13    10
  861    34    37
  862    47    45
  863    50    53
  864    87    96
  865    23    17
  866    40    44
  867    60    67
  868    53    48
  869    35    33
  870    87    79
  871    87    86
  872    44    52
  873   107    97
  874    58    51
  875     9    14
  876    46    40
  877    20    26
  878    26    25
  879    44    51
  880    55    65
  881    12    13
  882    64    56
  883     3     7
  884    23    18
  885    24    15
  886    48    39
  887    71    81
  888    52    48
  889    27    27
  890    15    14
  891    24    30
  892    79    79
  893    81    84
  894     1     2
  895    75    83
  896    76    77
  897    91    82
  898    64    70
  899     1     3
  900    41    35
  901    58    66
  902    79    86
  903    10     4
  904    76    69
  905    10    20
  906    60    59
  907    34    43
  908    26    17
  909    57    50
  910     8    16
  911    22    31
  912    57    48
  913    50    52
  914    51    48
  915    82    87
  916    17    21
  917    44    43
  918    85    83
  919    13    12
  920   104    99
  921    46    48
  922    67    72
  923    34    38
  924    62    60
  925    46    56
  926    59    58
  927    18    24
  928    62    66
  929    73    63
  930    80    84
  931     2    11
  932    67    71
  933    93    87
  934    36    31
  935    69    69
  936    31    26
  937   102   100
  938    85    80
  939    46    55
  940    22    25
  941    96    95
  942    98    92
  943    70    69
  944     5    11
  945    25    28
  946    66    74
  947    11     6
  948    95   100
  949    71    69
  950    66    73
  951    42    38
  952    81    86
  953    63    54
  954    46    36
  955    76    74
  956    97    96
  957    64    69
  958     6     3
  959    36    36
  960    23    18
  961    34    29
  962   103    97
  963    28    37
  964    18    14
  965    91    93
  966    87    97
  967    16    24
  968     1     2
  969    16    24
  970    59    63
  971    43    46
  972    68    77
  973    90    87
  974     1     6
  975    81    74
  976    17    25
  977    65    60
  978    14    21
  979    63    71
  980    90    95
  981    89    91
  982    18     8
  983    85    87
  984    45    48
  985    20    25
  986    36    38
  987    58    68
  988    92    96
  989    32    34
  990    40    37
  991    65    66
  992    17    10
  993    99    92
  994    72    75
  995    59    50
  996    65    69
  997     7    15
  998    62    53
  999    53    54
 1000    83    74
1488
