100
    1   429   416
    2   658   724
    3   952   906
    4   836   811
    5   436   428
    6  1010   930
    7  1020   925
    8   225   300
    9   641   581
   10   961   970
   11   644   700
   12   878   851
   13   631   532
   14    93   148
   15   408   493
   16   991   909
   17    82   149
   18   430   512
   19    48    41
   20   818   902
   21   804   893
   22   713   776
   23   340   340
   24   412   343
   25   977   949
   26   754   736
   27   238   322
   28   130   208
   29   280   326
   30   538   551
   31   270   338
   32   172   220
   33   407   380
   34   381   453
   35    70     4
   36   691   721
   37   603   652
   38   616   709
   39   447   364
   40   827   727
   41   600   607
   42   473   386
   43   772   798
   44   747   782
   45   504   471
   46   104   139
   47   808   858
   48   681   586
   49   236   239
   50   609   624
   51   633   647
   52   375   384
   53   589   517
   54   656   572
   55    74   137
   56   512   512
   57   917   953
   58   604   595
   59   119   116
   60  1085   994
   61   302   213
   62   745   763
   63  1041   984
   64   556   507
   65   314   348
   66   224   252
   67   861   917
   68   747   727
   69   304   356
   70   288   330
   71   890   862
   72   922   894
   73   897   798
   74   585   551
   75   482   496
   76   218   225
   77   316   243
   78   249   219
   79   571   649
   80   271   331
   81   476   566
   82   407   494
   83   817   739
   84   663   658
   85   152   238
   86   123   146
   87   163   112
   88   764   700
   89   775   786
   90   548   595
   91   427   357
   92    78    13
   93   155    85
   94  1016  1000
   95   104     8
   96   452   533
   97   126   225
   98    49    33
   99   217   236
  100   784   836
1001
