100
    1    28    29
    2    74    73
    3    89    79
    4    27    36
    5    47    41
    6    99    95
    7    80    90
    8    88    81
    9    30    30
   10    53    55
   11    40    41
   12    68    72
   13    99    93
   14    18    25
   15    28    30
   16    63    62
   17    48    42
   18    96    89
   19    28    26
   20    29    19
   21    67    58
   22    92    89
   23     1     1
   24    46    36
   25    82    86
   26    50    53
   27    67    71
   28    67    69
   29    45    55
   30     6    12
   31    71    71
   32    95    89
   33    70    61
   34    65    74
   35    59    69
   36    55    46
   37    20    29
   38    23    14
   39    66    69
   40     1     4
   41    58    64
   42    13     3
   43    75    79
   44    35    43
   45    92   100
   46    84    84
   47     1     3
   48    55    51
   49    39    32
   50    85    93
   51    63    72
   52    19    25
   53    21    30
   54    56    61
   55    19    10
   56    60    69
   57    60    66
   58    80    88
   59    52    53
   60    65    67
   61    24    22
   62    51    60
   63    25    25
   64    96    88
   65    27    25
   66    37    45
   67    75    66
   68    51    60
   69    60    69
   70    23    23
   71    39    43
   72    27    31
   73    92    91
   74    32    32
   75    40    45
   76    66    58
   77    99   100
   78    22    28
   79    76    66
   80    59    64
   81    36    27
   82    49    43
   83    52    52
   84    55    59
   85    42    39
   86    21    27
   87    23    25
   88    50    49
   89    59    55
   90    56    48
   91    86    82
   92    80    70
   93    23    22
   94    54    61
   95    27    17
   96    46    54
   97    22    30
   98     8     6
   99    97    97
  100    22    17
310
