100
    1     1     2
    2     3     2
    3     3     4
    4     1     1
    5     5     4
    6     8     8
    7     2     3
    8     7     8
    9     9     9
   10     3     2
   11    11    10
   12     4     5
   13     5     6
   14    11    10
   15     8     7
   16     1     1
   17     8     9
   18     7     6
   19     3     3
   20     1     2
   21     1     1
   22     1     2
   23     1     2
   24     2     3
   25     2     3
   26     8     8
   27    11    10
   28     1     2
   29     2     2
   30     4     3
   31     5     6
   32     2     2
   33     8     8
   34     9     9
   35     3     2
   36     2     1
   37     4     4
   38     4     5
   39     9     8
   40    10     9
   41     5     5
   42     5     6
   43     5     6
   44     7     6
   45     5     5
   46     3     3
   47     3     2
   48     4     4
   49     2     1
   50     7     6
   51     6     7
   52     3     4
   53     4     3
   54     8     8
   55     5     5
   56     9    10
   57     6     7
   58     4     5
   59     9    10
   60     1     2
   61     6     5
   62     8     9
   63     3     2
   64     2     3
   65    11    10
   66     4     4
   67     8     7
   68     6     5
   69     3     2
   70    11    10
   71     9     8
   72     8     8
   73     8     8
   74     9     9
   75     5     4
   76     4     3
   77     3     3
   78     1     1
   79     8     9
   80     1     1
   81    11    10
   82     4     4
   83     4     5
   84     9    10
   85     9    10
   86     5     4
   87     9     8
   88    10    10
   89     9    10
   90     8     9
   91     6     7
   92     2     3
   93     9     9
   94     5     4
   95    11    10
   96     9     9
   97     1     1
   98     2     1
   99     7     8
  100     5     4
38
