100
    1    17    22
    2    13    14
    3    46    36
    4    81    81
    5    50    54
    6    87    96
    7    10    11
    8    33    34
    9    15    11
   10    46    44
   11    31    26
   12    59    69
   13    44    46
   14    90    98
   15    38    47
   16    33    31
   17    92    95
   18     8     2
   19    55    55
   20    80    88
   21    49    59
   22    25    30
   23    44    54
   24     1     1
   25    35    35
   26    64    74
   27    23    32
   28    55    62
   29    77    68
   30    33    25
   31    63    60
   32   100    98
   33    90    82
   34    18    23
   35    33    30
   36    59    51
   37    65    62
   38    45    51
   39    30    26
   40    93    97
   41     5     1
   42    98    92
   43    18    20
   44    68    76
   45    73    73
   46    13    17
   47    31    36
   48     2    12
   49    23    17
   50    66    62
   51    87    97
   52    34    42
   53    62    63
   54    25    18
   55    37    27
   56    96    94
   57    19    19
   58     1     1
   59    80    70
   60    85    92
   61    51    47
   62     1     1
   63    70    70
   64    81    89
   65    39    38
   66    30    30
   67    47    47
   68    71    61
   69    30    22
   70    70    76
   71    91    84
   72     1     8
   73    34    24
   74    22    25
   75    52    54
   76    59    67
   77    79    85
   78    11    13
   79    67    75
   80     1     5
   81    38    40
   82    30    24
   83    63    65
   84    55    48
   85    71    68
   86    97    88
   87    59    58
   88    41    50
   89     3     4
   90    90    97
   91     9     7
   92    22    27
   93    69    79
   94    90    94
   95     6     2
   96    69    71
   97    50    47
   98    88    83
   99    97    90
  100    63    58
147
