1000
    1   912   829
    2   316   273
    3   901   879
    4   754   736
    5   560   641
    6   123    95
    7   952   890
    8   703   681
    9   712   730
   10   731   655
   11   437   441
   12   149    72
   13  1068   993
   14   657   625
   15   743   730
   16   312   362
   17   111    42
   18   494   589
   19   397   326
   20   238   219
   21    82    58
   22   255   189
   23   879   801
   24   595   636
   25   325   386
   26   101    53
   27   571   671
   28   336   269
   29   847   755
   30   484   412
   31   575   671
   32   546   489
   33   576   561
   34   629   674
   35   610   569
   36    40    46
   37   445   529
   38   350   314
   39   850   769
   40     1     4
   41   570   564
   42   507   503
   43   769   779
   44   531   443
   45   265   300
   46   521   584
   47   305   303
   48   197   151
   49   297   332
   50   219   293
   51   784   772
   52   394   325
   53   575   530
   54   834   761
   55   480   510
   56   135    69
   57   826   766
   58   961   888
   59   397   353
   60   816   767
   61   154   122
   62  1035   960
   63   101   125
   64   821   888
   65   463   425
   66   418   345
   67    48    66
   68   370   460
   69   214   169
   70   238   223
   71   914   843
   72   506   531
   73   973   891
   74   508   532
   75   840   845
   76   333   358
   77   181   200
   78   453   528
   79   552   566
   80   590   664
   81   388   427
   82   637   643
   83   868   952
   84   510   559
   85   655   739
   86   888   927
   87   222   125
   88   716   649
   89   650   655
   90   334   248
   91   579   482
   92   714   770
   93   914   922
   94   714   661
   95   243   317
   96   567   554
   97    46    30
   98   736   806
   99   342   297
  100   900   817
  101   603   618
  102   459   397
  103   443   415
  104   217   293
  105   538   566
  106   489   471
  107   266   212
  108   130    32
  109   750   844
  110   192   290
  111   213   280
  112   424   324
  113   936   862
  114   450   438
  115    77    98
  116     1    16
  117   709   764
  118   156   142
  119   193   182
  120   124    26
  121   146   189
  122   696   702
  123   733   801
  124    32    52
  125   425   354
  126   405   316
  127   268   233
  128   199   121
  129   693   744
  130   875   944
  131   332   303
  132   308   230
  133   656   660
  134   688   597
  135   949   982
  136   592   507
  137   495   430
  138   768   736
  139   334   251
  140   421   505
  141    81    80
  142   358   438
  143   255   340
  144   373   396
  145   553   598
  146   429   511
  147   744   819
  148   943   880
  149   406   446
  150   612   591
  151   313   250
  152   959   990
  153   692   711
  154   475   569
  155   433   495
  156   421   325
  157   754   779
  158   649   700
  159   689   623
  160   667   722
  161   262   198
  162   770   680
  163   667   755
  164   548   531
  165   247   214
  166   898   839
  167   298   200
  168    63    13
  169   903   803
  170    68    22
  171   631   704
  172   559   499
  173   256   262
  174   530   571
  175    49   148
  176   172   240
  177   361   451
  178   129   134
  179   371   435
  180   610   673
  181   404   424
  182   302   298
  183   848   937
  184   286   309
  185    24    14
  186   672   682
  187   232   163
  188   659   710
  189   261   341
  190   306   382
  191    84    63
  192   283   352
  193   253   225
  194   783   837
  195   701   758
  196   954   911
  197   368   305
  198   577   675
  199  1026   932
  200   804   738
  201   375   412
  202   380   346
  203   133    60
  204   607   516
  205   734   796
  206   573   658
  207   148   181
  208   268   239
  209   664   660
  210   608   522
  211   869   873
  212  1017   945
  213   744   796
  214   107    94
  215   376   459
  216   293   360
  217   781   785
  218   499   409
  219   579   654
  220   248   247
  221   553   615
  222   468   450
  223   212   162
  224   325   249
  225   261   185
  226   132    41
  227   872   840
  228   244   194
  229  1059   996
  230   430   440
  231   723   690
  232   616   611
  233   447   362
  234   621   587
  235   686   606
  236   630   693
  237   559   482
  238   810   858
  239   502   546
  240   227   178
  241   797   850
  242   523   604
  243   279   182
  244     1    56
  245   542   567
  246   121    36
  247   495   415
  248    26    79
  249   870   969
  250   551   589
  251  1010   976
  252   628   728
  253     1     2
  254   817   911
  255   753   680
  256   772   782
  257   417   373
  258   395   353
  259     9    40
  260   916   838
  261   558   592
  262    89    62
  263   355   452
  264   809   792
  265   129   124
  266   861   819
  267   350   383
  268   551   557
  269   456   538
  270   355   388
  271   921   961
  272   936   992
  273   600   661
  274    61    52
  275   661   602
  276   760   695
  277   486   492
  278   660   603
  279   590   590
  280   210   177
  281   713   686
  282     1    31
  283   598   600
  284   287   200
  285   367   309
  286   508   542
  287   823   856
  288   967   958
  289   898   878
  290   658   704
  291   311   263
  292   517   601
  293   307   229
  294   175   135
  295   742   680
  296   745   816
  297   902   851
  298   286   375
  299   273   303
  300   782   757
  301   689   753
  302   436   464
  303   957   891
  304   474   378
  305     1    52
  306   922   873
  307   562   604
  308   548   478
  309   141   105
  310  1044   996
  311   499   551
  312   471   455
  313   804   767
  314   302   271
  315    45   143
  316   467   511
  317    52    26
  318   460   406
  319   836   819
  320   477   426
  321   169   163
  322   671   700
  323   595   541
  324   478   555
  325   660   714
  326   499   544
  327  1030   967
  328   379   356
  329     7    79
  330   564   546
  331   390   333
  332   445   404
  333   957   994
  334     1    45
  335   371   415
  336   346   312
  337   996   944
  338   765   676
  339    11    85
  340  1061   997
  341   581   678
  342   757   751
  343   620   571
  344   619   657
  345   517   501
  346   303   244
  347   644   605
  348    34    47
  349   117   206
  350  1092   992
  351   404   385
  352   882   977
  353   785   693
  354   125   173
  355   984   969
  356   989   934
  357   603   648
  358   276   372
  359   520   472
  360   393   483
  361   290   215
  362   970   986
  363   393   442
  364   142   219
  365  1006   939
  366   259   252
  367   393   366
  368   815   889
  369   322   400
  370   336   380
  371   528   525
  372   240   243
  373   457   381
  374   682   619
  375   531   457
  376   320   254
  377    66    48
  378   249   223
  379   755   817
  380    75    94
  381    14    92
  382    16    92
  383   946   881
  384   976   908
  385   838   748
  386   537   580
  387   159   148
  388   320   367
  389   951   975
  390   133    49
  391   447   500
  392   579   550
  393   194   124
  394    95   175
  395   182   253
  396   325   346
  397    23    53
  398   974   933
  399   105   135
  400   336   262
  401   269   205
  402   910   954
  403   666   763
  404   818   832
  405   308   403
  406   654   657
  407   849   947
  408   365   367
  409   398   303
  410     1    15
  411   479   508
  412   311   348
  413   772   762
  414   224   170
  415   148   180
  416   989   995
  417   210   224
  418   309   313
  419   534   533
  420   417   505
  421   663   686
  422   411   432
  423   152    58
  424   438   389
  425   100    85
  426   618   546
  427   888   871
  428   880   785
  429     1    39
  430   675   607
  431     1    44
  432   778   711
  433   753   703
  434   325   358
  435     1    40
  436   475   550
  437   154    59
  438   199   225
  439   750   711
  440   612   540
  441   219   195
  442   293   317
  443   529   629
  444   216   219
  445   935   872
  446   881   825
  447   119    50
  448   619   550
  449   222   216
  450   858   924
  451     1    54
  452   215   130
  453    98   198
  454   380   376
  455   856   907
  456   356   311
  457   780   852
  458   271   283
  459   964   952
  460   225   271
  461   541   506
  462   822   859
  463    72   154
  464    72   107
  465   268   309
  466   111    47
  467   108   131
  468   764   803
  469   248   323
  470   583   602
  471   868   869
  472    37    20
  473   921   963
  474   800   849
  475   207   245
  476    58    96
  477   569   600
  478   753   817
  479   599   658
  480   733   700
  481   334   404
  482   592   668
  483   325   340
  484   520   603
  485   228   174
  486   343   394
  487     1    55
  488   754   781
  489   128   190
  490   213   218
  491   123   168
  492   166   236
  493    63   134
  494    45   104
  495   597   580
  496   725   699
  497   841   880
  498   741   798
  499   333   269
  500   913   935
  501     1    52
  502   259   221
  503   234   230
  504   136   120
  505   124    40
  506   868   770
  507   569   628
  508   938   894
  509   430   440
  510   221   172
  511   411   341
  512   693   621
  513   689   701
  514    77   145
  515   811   818
  516   545   451
  517   787   783
  518     1    54
  519    90   166
  520   862   943
  521    11     6
  522   483   398
  523   716   637
  524   787   865
  525   949   866
  526   831   807
  527   140   120
  528   861   807
  529   698   640
  530   701   682
  531   938   862
  532   960   915
  533   522   461
  534   360   346
  535   209   274
  536   621   615
  537   194   154
  538   443   401
  539     7    81
  540    62    27
  541   419   328
  542   587   671
  543   326   394
  544   942   867
  545   174   219
  546    72    77
  547   172   110
  548  1024   987
  549   647   697
  550   386   459
  551   215   287
  552   369   468
  553   109   114
  554   635   568
  555   326   274
  556   544   526
  557   843   903
  558   145   128
  559    11    39
  560   603   542
  561   514   428
  562   394   420
  563   564   477
  564   202   119
  565   801   759
  566   791   832
  567   773   864
  568   629   634
  569   629   624
  570   191   110
  571   169   157
  572   634   536
  573   667   673
  574   695   733
  575   568   666
  576   587   492
  577   452   390
  578   492   470
  579   615   656
  580   759   779
  581   557   467
  582   521   474
  583   488   490
  584   953   909
  585   156   186
  586   943   911
  587   642   741
  588   123    59
  589   404   364
  590   611   610
  591   634   584
  592   802   864
  593   795   805
  594   260   180
  595   714   795
  596    69   138
  597   627   562
  598   792   743
  599   423   465
  600  1018   937
  601   199   107
  602   510   504
  603   820   895
  604  1045   948
  605   530   595
  606   496   484
  607    71   117
  608   353   320
  609   781   757
  610   182   108
  611   932   889
  612     1    34
  613   119    54
  614   619   675
  615     1    17
  616   325   369
  617   296   352
  618   877   948
  619   712   623
  620  1024   975
  621  1007   922
  622   984   950
  623   215   180
  624   119   127
  625   527   474
  626     1    50
  627     1    63
  628   839   798
  629   666   589
  630   703   769
  631   596   621
  632   106   163
  633   656   603
  634   133   200
  635   696   737
  636   496   464
  637   167    78
  638   805   757
  639  1032   938
  640   580   656
  641   647   625
  642   999   952
  643   305   377
  644   886   953
  645     1    26
  646   429   453
  647   699   738
  648   758   681
  649   607   665
  650   113   159
  651   861   912
  652   570   571
  653   835   769
  654   831   916
  655   820   882
  656   407   417
  657   188   156
  658   156    69
  659   443   523
  660   802   784
  661   867   905
  662    44   124
  663    74    51
  664     1    49
  665   783   727
  666   780   781
  667   134    64
  668   392   348
  669   491   441
  670  1073   991
  671   523   586
  672   361   316
  673   877   969
  674   482   562
  675   290   232
  676   216   231
  677   871   966
  678   829   793
  679    92   181
  680   936   957
  681   408   424
  682   706   759
  683   985   887
  684    50    62
  685   142   184
  686   208   291
  687   934   988
  688   789   870
  689   560   539
  690   564   525
  691   759   740
  692   479   491
  693   664   605
  694    80   144
  695   257   252
  696   897   906
  697  1020   952
  698   873   856
  699   735   703
  700   569   639
  701     1    20
  702   147   107
  703   450   484
  704   831   755
  705   878   966
  706   123   154
  707   704   613
  708   739   646
  709    19    91
  710   491   550
  711   149   171
  712   629   532
  713   701   683
  714     1    37
  715   986   893
  716   110    57
  717     1    32
  718   181   212
  719   290   367
  720   449   488
  721   451   382
  722   369   460
  723   893   861
  724    36   116
  725   300   363
  726   544   606
  727   465   471
  728   452   495
  729   340   293
  730   124    25
  731   359   340
  732   848   778
  733   353   408
  734   790   881
  735   506   473
  736   776   743
  737   148    80
  738   237   255
  739   679   776
  740   758   675
  741   601   536
  742    38    53
  743   567   620
  744   445   399
  745   304   227
  746   509   416
  747     1    41
  748   858   924
  749   772   745
  750   309   342
  751   184   254
  752   950   972
  753   544   590
  754   825   783
  755    58   116
  756    99    38
  757   649   696
  758   206   198
  759   118   133
  760   519   440
  761   782   728
  762   858   871
  763   764   736
  764   282   324
  765   387   309
  766  1089   992
  767   627   689
  768   162   253
  769   653   654
  770    54    50
  771   752   699
  772   925   913
  773   772   798
  774   596   502
  775   785   751
  776    58    30
  777   557   615
  778   216   265
  779   758   756
  780   812   846
  781    68   106
  782   124    90
  783     1    47
  784   378   373
  785   716   731
  786   292   313
  787   252   193
  788    22    87
  789   751   751
  790   443   368
  791   929   934
  792   631   685
  793   139   166
  794   456   459
  795   224   138
  796   834   814
  797   381   307
  798   822   873
  799   560   595
  800   287   263
  801   310   289
  802   713   634
  803   489   540
  804   530   566
  805   999   901
  806   355   448
  807    14    14
  808   794   816
  809   514   440
  810   164    80
  811   779   710
  812   489   552
  813   793   892
  814   243   144
  815   266   219
  816   217   153
  817   147   100
  818   386   416
  819   934   982
  820   349   392
  821  1001   926
  822   912   915
  823   939   850
  824   237   213
  825   527   530
  826   766   685
  827   197   147
  828    80    64
  829   848   841
  830   919   931
  831   656   577
  832   927   933
  833   256   256
  834   319   408
  835  1004   907
  836   258   282
  837   593   604
  838     1    76
  839   406   422
  840   477   534
  841   324   382
  842   845   820
  843   489   486
  844   859   898
  845   635   646
  846   661   623
  847     1    57
  848   881   897
  849   385   306
  850   745   813
  851   300   353
  852    89   184
  853  1010   941
  854    18    16
  855   260   351
  856   115   144
  857   971   953
  858   349   412
  859   103    66
  860   108    89
  861   461   560
  862   987   928
  863   831   848
  864   723   815
  865  1017   940
  866   790   747
  867   776   738
  868   208   295
  869    92    44
  870   488   394
  871   846   761
  872   967   959
  873  1085   992
  874   895   918
  875   597   693
  876   590   531
  877     6    89
  878   122   144
  879    35    42
  880   947   908
  881   256   156
  882   839   751
  883   212   138
  884   471   465
  885   645   590
  886   338   342
  887   907   832
  888   714   631
  889   490   446
  890   706   649
  891     4     1
  892   848   938
  893   759   711
  894   105    21
  895  1039   986
  896   429   508
  897   543   485
  898   896   813
  899   809   734
  900  1019   954
  901   905   933
  902   544   449
  903   202   287
  904     1    44
  905   489   391
  906   544   494
  907   581   506
  908   445   540
  909   470   421
  910   743   683
  911     1     6
  912   186   147
  913   927   827
  914   432   335
  915   889   794
  916   214   280
  917   217   270
  918   892   910
  919   896   811
  920   302   314
  921    71   159
  922    98    43
  923   156   213
  924   566   491
  925   712   671
  926   914   973
  927   556   495
  928   755   749
  929   173   114
  930   573   563
  931   713   778
  932    99    54
  933   877   854
  934  1039   994
  935   780   864
  936   412   469
  937   708   763
  938   389   483
  939   817   902
  940   879   940
  941   911   850
  942   542   575
  943    46    92
  944   546   598
  945   215   167
  946   540   469
  947   816   737
  948   247   271
  949   400   328
  950   407   320
  951    70   129
  952   626   561
  953   652   573
  954   138    51
  955   413   513
  956    27    59
  957   848   920
  958   706   662
  959  1000   919
  960  1014   945
  961   467   548
  962  1011   928
  963   199   132
  964   958   945
  965   795   696
  966   971   876
  967   928   843
  968  1082   993
  969   790   819
  970   959   974
  971   674   673
  972   590   612
  973   666   718
  974   572   557
  975    16    93
  976    77    28
  977     8    95
  978   147    64
  979   539   590
  980   420   422
  981   747   650
  982   139   131
  983  1006   922
  984   952   987
  985   660   648
  986   266   201
  987    61    27
  988     6    11
  989  1000   929
  990   808   872
  991   337   289
  992   611   681
  993   479   499
  994  1002   994
  995    17    85
  996   579   572
  997   749   826
  998   739   824
  999   176   265
 1000   401   369
29882
