1000
    1     5     6
    2     2     2
    3     3     4
    4     2     1
    5     8     8
    6     3     4
    7     8     9
    8    10    10
    9    10     9
   10     4     4
   11     5     6
   12     6     5
   13    10    10
   14     9    10
   15     1     1
   16     4     3
   17     6     7
   18     5     6
   19     6     7
   20     9     8
   21     8     7
   22     5     6
   23     7     6
   24     1     1
   25     9     9
   26     5     4
   27    11    10
   28     8     8
   29     3     2
   30    10     9
   31    11    10
   32     7     8
   33     9    10
   34     8     7
   35     9     8
   36     1     1
   37     5     6
   38     7     7
   39    11    10
   40     9     9
   41     6     7
   42     1     2
   43     7     8
   44     9    10
   45     4     5
   46     3     3
   47     9     8
   48    11    10
   49     8     9
   50     3     4
   51     8     7
   52     9    10
   53     7     7
   54     3     2
   55     6     5
   56     5     4
   57     2     3
   58     3     3
   59     6     6
   60    10    10
   61     9     9
   62     8     9
   63     8     8
   64     5     5
   65     2     2
   66     3     2
   67     7     7
   68     9     9
   69     7     6
   70     9     8
   71    11    10
   72     3     2
   73     7     6
   74     2     1
   75     5     4
   76     7     7
   77     5     5
   78     6     5
   79     6     5
   80     3     3
   81     3     4
   82     5     4
   83     9     9
   84    11    10
   85    11    10
   86     6     6
   87     4     4
   88     9     8
   89     8     8
   90     9     9
   91     7     7
   92     4     5
   93     4     3
   94     7     8
   95     3     4
   96     8     7
   97     2     3
   98    10     9
   99     3     4
  100     6     6
  101     6     7
  102     3     4
  103     9    10
  104     7     8
  105     8     9
  106     4     4
  107     7     7
  108     9     9
  109    10     9
  110     4     5
  111     6     5
  112     1     1
  113     1     1
  114     4     5
  115     6     7
  116     6     7
  117     8     9
  118     1     1
  119     5     5
  120     5     5
  121     1     2
  122     7     7
  123    11    10
  124     7     7
  125     2     3
  126     2     3
  127     1     2
  128    11    10
  129     4     3
  130     1     1
  131     3     2
  132     4     3
  133     8     9
  134     9    10
  135     4     3
  136     3     2
  137     4     3
  138     8     7
  139     7     6
  140     9    10
  141     2     3
  142     2     3
  143     7     7
  144     1     1
  145     1     1
  146     3     4
  147     8     8
  148     4     5
  149     8     7
  150     1     2
  151     9     9
  152     3     3
  153     6     6
  154     3     2
  155     7     8
  156    11    10
  157     3     2
  158     6     7
  159     7     6
  160     4     3
  161     4     3
  162     2     1
  163     2     2
  164     1     2
  165     2     1
  166     5     6
  167     3     3
  168     9     8
  169     4     4
  170     7     7
  171     4     5
  172     2     2
  173     8     9
  174     5     6
  175     2     1
  176     2     1
  177     3     4
  178     1     1
  179     9    10
  180     2     2
  181     3     3
  182     6     7
  183     7     8
  184     9    10
  185    10     9
  186    10     9
  187    10    10
  188     7     7
  189     6     6
  190     2     1
  191     9    10
  192     6     5
  193     5     6
  194     5     6
  195    10     9
  196     7     6
  197     8     8
  198     9    10
  199    10     9
  200     4     5
  201     4     3
  202     3     3
  203     1     1
  204     3     3
  205     4     3
  206     2     3
  207     2     2
  208     2     2
  209     4     5
  210     8     7
  211     3     4
  212     7     6
  213     9     9
  214     6     5
  215     5     6
  216     1     1
  217     5     6
  218     2     2
  219     3     3
  220     9     8
  221     5     4
  222     1     1
  223     8     9
  224    10    10
  225     9     8
  226     1     2
  227     3     3
  228     6     5
  229     2     1
  230     6     5
  231     1     1
  232     5     6
  233     4     3
  234     7     6
  235     2     3
  236     7     6
  237     3     3
  238     8     9
  239     6     5
  240     9     9
  241     4     3
  242     7     7
  243     6     5
  244    10     9
  245    10    10
  246     5     5
  247     9    10
  248     5     4
  249     7     6
  250     8     8
  251     2     1
  252     3     3
  253     1     1
  254     7     8
  255     6     5
  256     7     7
  257    11    10
  258     8     8
  259    10     9
  260     4     3
  261     1     1
  262     8     9
  263     8     7
  264     9     9
  265     2     3
  266     4     4
  267     9    10
  268     5     4
  269     6     7
  270     4     3
  271     3     2
  272     1     1
  273    11    10
  274     4     5
  275    10     9
  276     2     2
  277     4     3
  278     5     4
  279     1     1
  280     3     4
  281     6     5
  282     3     4
  283     7     7
  284     4     3
  285     9    10
  286     7     7
  287     4     5
  288     2     1
  289     5     5
  290     1     1
  291     9    10
  292     3     2
  293     5     6
  294     7     8
  295     4     3
  296    10     9
  297    11    10
  298     3     2
  299     6     6
  300     5     4
  301     9    10
  302     8     9
  303     1     2
  304     5     5
  305     3     3
  306     4     4
  307     1     1
  308     2     3
  309     9     8
  310     7     7
  311     6     6
  312     9     8
  313    11    10
  314     5     4
  315     4     4
  316     5     4
  317     8     9
  318     4     5
  319     5     6
  320     8     7
  321     3     4
  322     7     7
  323     4     4
  324     2     2
  325    10     9
  326     6     7
  327    10    10
  328     6     7
  329     7     6
  330     7     7
  331     6     6
  332     4     3
  333     1     1
  334     2     2
  335     3     2
  336     6     5
  337     8     9
  338     2     3
  339     7     8
  340     8     8
  341     4     5
  342     7     8
  343     1     2
  344     3     4
  345     7     8
  346    10     9
  347     9    10
  348     6     6
  349     1     1
  350     4     3
  351     7     8
  352     3     4
  353     8     8
  354     8     8
  355     4     4
  356     6     7
  357     2     1
  358     8     9
  359     4     5
  360     2     2
  361     5     4
  362     2     3
  363     2     1
  364     9    10
  365     5     6
  366     8     7
  367     4     3
  368     9    10
  369     8     9
  370     7     7
  371     5     4
  372     5     6
  373     4     4
  374    10    10
  375     6     6
  376     2     3
  377     4     5
  378     5     6
  379     5     6
  380     8     7
  381     8     9
  382     4     3
  383    10    10
  384     6     7
  385     6     5
  386     2     3
  387     2     1
  388     7     6
  389     6     6
  390     7     8
  391     1     1
  392     1     1
  393     7     7
  394     5     6
  395     3     2
  396     4     5
  397     5     4
  398     8     8
  399     5     6
  400     6     7
  401    10    10
  402     5     5
  403     6     6
  404     6     7
  405     6     6
  406     8     8
  407     4     4
  408     9    10
  409     3     2
  410     4     4
  411     7     7
  412     5     5
  413     5     5
  414     6     5
  415     8     7
  416     9    10
  417     2     3
  418    10    10
  419     9     8
  420     4     4
  421     2     3
  422     4     5
  423     2     3
  424     2     2
  425     7     6
  426    10     9
  427     3     2
  428     4     4
  429     3     4
  430    10    10
  431     6     5
  432     7     8
  433     5     6
  434     2     1
  435     4     3
  436     1     1
  437     9     8
  438     5     6
  439     3     2
  440     3     3
  441     3     2
  442     1     2
  443     1     2
  444    11    10
  445    10     9
  446    10    10
  447     1     1
  448     4     3
  449    10     9
  450     2     1
  451     8     7
  452     4     3
  453     4     3
  454     1     1
  455     7     8
  456     9     8
  457     9     9
  458     3     2
  459     3     3
  460     3     2
  461     7     7
  462     5     4
  463     3     3
  464     1     2
  465     5     6
  466     5     4
  467     3     2
  468    10    10
  469     7     6
  470     4     3
  471     9     8
  472     8     9
  473     1     2
  474     5     4
  475     7     8
  476     8     7
  477     4     3
  478     8     8
  479    10     9
  480     8     9
  481     2     1
  482     3     3
  483     2     3
  484     7     8
  485     4     5
  486     6     7
  487     1     2
  488     8     8
  489     6     7
  490     6     5
  491     1     1
  492     4     3
  493     9     9
  494     8     7
  495     7     7
  496     9     8
  497     4     3
  498     4     3
  499     5     6
  500     7     6
  501     5     5
  502     9     8
  503     8     7
  504     2     3
  505     1     1
  506     3     3
  507     3     3
  508     6     7
  509     5     5
  510     7     7
  511     1     2
  512     1     2
  513     8     8
  514     5     4
  515    10     9
  516     3     4
  517     2     2
  518     2     3
  519     4     5
  520     3     2
  521     3     3
  522     5     5
  523     9     8
  524     3     4
  525     2     3
  526     7     6
  527     1     1
  528     6     6
  529     6     7
  530     2     3
  531     1     1
  532     7     6
  533    10    10
  534     4     3
  535     8     7
  536     9     8
  537     3     3
  538     3     2
  539     5     4
  540     2     2
  541     5     5
  542     6     6
  543    10     9
  544     4     4
  545     7     8
  546     7     8
  547     2     3
  548    10    10
  549     5     6
  550     2     2
  551     3     4
  552     6     5
  553     9     9
  554     4     5
  555     5     5
  556     5     5
  557     3     4
  558     1     1
  559     9     8
  560     4     5
  561     8     7
  562     4     5
  563     8     8
  564     8     8
  565     7     8
  566     8     9
  567     1     1
  568     2     1
  569     4     5
  570     2     1
  571    11    10
  572     7     7
  573     5     4
  574     5     6
  575     9     9
  576     8     9
  577     7     7
  578    10     9
  579     4     5
  580     3     4
  581     9     8
  582     8     9
  583     6     7
  584     1     2
  585     2     1
  586     3     4
  587     9     8
  588     5     6
  589     9     9
  590     4     3
  591     9     9
  592     6     5
  593     5     6
  594     5     5
  595     5     4
  596     4     5
  597     2     3
  598     9    10
  599     7     6
  600     3     2
  601     6     6
  602     2     1
  603     6     6
  604     8     9
  605     5     6
  606     1     1
  607     4     4
  608     1     1
  609     9    10
  610     8     9
  611    10    10
  612     7     7
  613     5     5
  614     9    10
  615     4     4
  616     5     4
  617     9     9
  618     4     3
  619    10    10
  620     3     4
  621     1     1
  622     4     3
  623     2     3
  624    11    10
  625     6     5
  626     2     1
  627     7     6
  628     6     7
  629     3     2
  630     9     8
  631    10    10
  632    10    10
  633     5     6
  634     2     1
  635     3     4
  636     2     3
  637    10     9
  638     8     8
  639    10     9
  640     5     5
  641    10    10
  642     2     1
  643     5     4
  644     6     6
  645     7     7
  646    11    10
  647     2     1
  648     3     4
  649     1     2
  650     9    10
  651     3     3
  652     2     2
  653     6     6
  654     6     7
  655     6     5
  656     5     4
  657     6     7
  658     5     4
  659     7     8
  660    10     9
  661     3     4
  662    10     9
  663     4     4
  664     2     2
  665     7     6
  666     1     2
  667     7     7
  668     2     3
  669     8     8
  670     6     6
  671     4     3
  672     4     3
  673     7     8
  674     8     7
  675    10     9
  676     3     4
  677     1     1
  678    11    10
  679     4     4
  680    10    10
  681     1     1
  682     5     4
  683     4     4
  684     1     1
  685     8     7
  686    10    10
  687     8     7
  688     4     3
  689     3     4
  690     7     8
  691     6     5
  692     7     6
  693     3     4
  694     6     5
  695     4     5
  696     4     5
  697     1     1
  698     8     9
  699     3     2
  700     6     6
  701     8     9
  702     7     6
  703     2     1
  704     3     4
  705     9     9
  706     6     7
  707     6     6
  708     6     7
  709     5     6
  710     2     1
  711     6     6
  712     2     3
  713    11    10
  714     7     6
  715     1     2
  716    10    10
  717     5     5
  718     8     7
  719     1     2
  720     4     5
  721     5     5
  722     8     7
  723     2     2
  724     2     1
  725     2     2
  726     8     7
  727     7     8
  728     3     4
  729     6     6
  730     9    10
  731     4     3
  732     2     3
  733     1     1
  734     5     4
  735     7     6
  736     2     2
  737     6     5
  738    10    10
  739     7     7
  740     6     6
  741     4     5
  742     6     6
  743     7     7
  744     1     2
  745     4     4
  746     6     7
  747     4     4
  748     2     3
  749     4     4
  750     9     9
  751     6     5
  752     8     7
  753     6     5
  754     2     2
  755     8     9
  756     1     1
  757     9     9
  758     6     5
  759     4     4
  760    10     9
  761     6     5
  762    10    10
  763     2     3
  764     6     5
  765     9    10
  766     1     1
  767     7     8
  768     3     2
  769     7     7
  770     6     5
  771     5     4
  772     7     6
  773     5     5
  774     9     9
  775     6     6
  776     6     5
  777     6     6
  778     5     6
  779     9     9
  780     8     7
  781     8     7
  782     5     5
  783     4     4
  784     3     4
  785     3     4
  786     7     6
  787     8     8
  788     7     8
  789     1     2
  790     4     3
  791     9     9
  792     3     4
  793     2     1
  794     4     4
  795     2     3
  796     4     5
  797     5     4
  798     5     6
  799     1     2
  800     4     4
  801     5     4
  802     1     1
  803     2     3
  804     6     7
  805     5     6
  806     1     1
  807     1     1
  808     8     7
  809     8     7
  810     2     1
  811     6     5
  812     8     9
  813     8     9
  814     2     1
  815    11    10
  816    10    10
  817     7     7
  818     7     7
  819     2     1
  820     6     7
  821     1     1
  822     3     4
  823     1     1
  824     2     2
  825     7     7
  826     3     4
  827     2     2
  828     6     5
  829     9    10
  830     5     4
  831     4     4
  832     5     4
  833     7     7
  834     8     9
  835     1     2
  836     7     7
  837     8     7
  838     8     7
  839     3     3
  840     4     3
  841     1     1
  842     3     3
  843     8     7
  844     2     3
  845     5     5
  846     3     4
  847     9     8
  848     8     8
  849     6     5
  850     1     2
  851     7     6
  852     4     5
  853    10    10
  854     6     5
  855    11    10
  856     1     1
  857     8     8
  858    10     9
  859     9     9
  860     7     8
  861     4     3
  862     1     1
  863     4     5
  864     1     2
  865     2     1
  866     9    10
  867     9     9
  868     3     2
  869     6     7
  870     8     9
  871     5     4
  872     7     6
  873     8     9
  874     6     5
  875     1     2
  876     1     2
  877     1     2
  878     1     1
  879     2     3
  880     1     1
  881     6     7
  882     8     8
  883     9     9
  884     9    10
  885     2     3
  886     6     7
  887     4     3
  888     2     2
  889     4     3
  890     1     2
  891     3     2
  892     8     9
  893     9    10
  894     9    10
  895    10     9
  896     9     9
  897     7     8
  898     7     8
  899     5     5
  900     2     3
  901    11    10
  902     9    10
  903     9    10
  904     9     9
  905     3     4
  906     1     1
  907    10     9
  908     1     1
  909    11    10
  910     9    10
  911     1     1
  912     9     8
  913     2     2
  914     1     2
  915     1     1
  916    10     9
  917    10     9
  918     7     7
  919     8     8
  920     9     9
  921    10    10
  922     1     2
  923     8     8
  924     5     4
  925     7     8
  926     9     8
  927     7     6
  928     2     2
  929     6     5
  930     1     2
  931     3     3
  932     8     7
  933     1     1
  934     8     7
  935     8     9
  936     5     4
  937     5     6
  938     5     4
  939     8     9
  940     4     5
  941     6     5
  942     8     8
  943     8     7
  944     3     3
  945     7     6
  946     5     4
  947     6     6
  948     5     4
  949    10     9
  950     6     7
  951    11    10
  952     7     6
  953     5     4
  954     5     4
  955     3     2
  956     9    10
  957     8     9
  958     1     1
  959     1     2
  960     3     4
  961     8     7
  962     8     7
  963     4     5
  964     5     4
  965     8     9
  966     4     5
  967     5     4
  968     3     2
  969     4     4
  970     4     5
  971    10    10
  972     8     7
  973     9     9
  974     7     8
  975     5     4
  976     2     3
  977     1     2
  978     8     9
  979     8     9
  980    10     9
  981    10     9
  982     6     6
  983     8     9
  984     9     8
  985    10     9
  986     5     4
  987     6     6
  988     8     8
  989     5     6
  990     6     5
  991    11    10
  992     4     4
  993     7     6
  994     4     3
  995     9    10
  996     5     5
  997    10     9
  998     4     5
  999     8     8
 1000     4     4
494
