1000
    1     3     2
    2     3     4
    3     7     6
    4     1     1
    5     3     4
    6     6     6
    7     1     1
    8     3     4
    9     2     1
   10     3     4
   11     5     6
   12     8     9
   13     7     6
   14     9     8
   15     7     7
   16     1     1
   17     5     5
   18     2     2
   19     5     5
   20     9     8
   21     8     9
   22    11    10
   23     3     4
   24     1     1
   25     5     5
   26     3     4
   27     2     2
   28     1     2
   29     8     8
   30     4     5
   31    10    10
   32     7     8
   33     1     2
   34     4     3
   35    10    10
   36     1     1
   37     2     2
   38     1     1
   39     7     6
   40     6     7
   41     2     1
   42     2     2
   43    11    10
   44     7     6
   45     3     3
   46     6     7
   47     7     6
   48     1     2
   49     7     7
   50     3     2
   51     6     7
   52     3     2
   53     2     3
   54     9     8
   55     8     7
   56     3     4
   57     9     9
   58     2     1
   59    11    10
   60     1     2
   61     8     7
   62     1     1
   63    10    10
   64    10     9
   65     9     8
   66    10    10
   67     7     7
   68     2     1
   69     1     2
   70     6     6
   71     5     4
   72     7     8
   73     5     4
   74     5     5
   75     5     4
   76     8     7
   77     5     5
   78     4     3
   79     6     5
   80     5     5
   81    11    10
   82     4     4
   83     6     5
   84     9     8
   85     8     8
   86     8     8
   87     9     8
   88    10    10
   89     3     4
   90     6     7
   91     6     7
   92     8     7
   93     8     9
   94     3     4
   95     3     2
   96     2     1
   97     7     7
   98     2     3
   99    11    10
  100     7     8
  101     9     9
  102     8     8
  103     8     8
  104     5     6
  105     1     1
  106     5     6
  107     9     9
  108     6     7
  109     9     9
  110     3     3
  111     3     3
  112     6     7
  113     3     3
  114     2     1
  115     2     1
  116     6     5
  117     9     9
  118     4     3
  119     6     7
  120     5     5
  121     8     8
  122     6     7
  123     1     2
  124     7     7
  125     3     3
  126     8     9
  127     3     4
  128     3     2
  129     6     5
  130     4     5
  131     3     4
  132     4     5
  133    10     9
  134     5     4
  135     8     9
  136     9    10
  137     4     5
  138     2     3
  139     7     6
  140     9     8
  141     9     9
  142     2     3
  143     4     3
  144     9     9
  145     4     3
  146     6     6
  147     3     2
  148     6     5
  149     4     5
  150     9     8
  151     1     1
  152     5     5
  153     7     6
  154     3     4
  155     3     4
  156     9    10
  157     7     6
  158     3     3
  159     7     8
  160     2     1
  161     4     3
  162     6     7
  163     7     6
  164     2     2
  165     4     5
  166     3     2
  167     7     7
  168    10    10
  169     3     2
  170     9     9
  171     4     5
  172     5     4
  173     2     3
  174     4     4
  175     4     3
  176     2     1
  177    10    10
  178     9     9
  179    10    10
  180     3     4
  181     7     7
  182     9     9
  183     6     6
  184     8     8
  185     8     7
  186     2     3
  187     3     4
  188     2     3
  189     5     6
  190     1     1
  191     6     6
  192    10     9
  193     1     2
  194     9     8
  195     4     5
  196     6     6
  197    10    10
  198    11    10
  199     6     5
  200     4     3
  201     1     1
  202     8     9
  203     7     7
  204    10     9
  205     9     9
  206     2     1
  207    10    10
  208     6     6
  209     7     7
  210     8     9
  211     1     2
  212     7     6
  213     3     3
  214     3     3
  215     3     2
  216     8     9
  217     5     4
  218     6     6
  219     3     3
  220     4     4
  221     3     4
  222    10     9
  223     6     7
  224     9    10
  225     3     2
  226     8     8
  227    10     9
  228     1     1
  229     2     3
  230     5     5
  231     9     9
  232     5     6
  233    10     9
  234    10    10
  235     1     1
  236     9    10
  237     8     9
  238     7     7
  239     7     7
  240     7     7
  241     8     7
  242     1     1
  243     8     7
  244     6     5
  245     3     2
  246     6     7
  247     3     2
  248     6     6
  249     2     2
  250    10    10
  251     1     1
  252     2     3
  253     2     1
  254     2     2
  255     2     3
  256     8     7
  257     6     6
  258     8     8
  259     4     3
  260     2     3
  261     1     1
  262     4     5
  263     9     9
  264     4     5
  265     4     5
  266     5     6
  267     5     4
  268    11    10
  269     1     1
  270     2     1
  271     9    10
  272     4     3
  273     4     4
  274     6     7
  275     6     7
  276    10    10
  277     1     1
  278     3     2
  279     9     9
  280     9     8
  281     8     7
  282    11    10
  283     1     1
  284     8     7
  285    10    10
  286     6     7
  287     8     7
  288     4     3
  289     1     1
  290     4     5
  291     5     4
  292     8     8
  293     1     2
  294     2     2
  295    10     9
  296     6     5
  297     1     2
  298     8     8
  299     2     2
  300    10    10
  301     3     4
  302     6     7
  303     2     2
  304     1     1
  305     9     9
  306     3     2
  307     8     9
  308     4     3
  309     3     2
  310     4     5
  311     5     6
  312     5     4
  313     3     2
  314     7     8
  315     9    10
  316     9    10
  317     2     3
  318     9     9
  319     3     2
  320     8     7
  321    11    10
  322     1     1
  323     7     6
  324     8     8
  325    10     9
  326     1     1
  327     4     4
  328     4     5
  329     4     4
  330     4     5
  331     8     8
  332     6     5
  333     9     9
  334     9     8
  335     5     6
  336    10     9
  337     9     9
  338     6     7
  339     9    10
  340     6     6
  341     1     1
  342     5     4
  343    10    10
  344    10    10
  345     2     2
  346     7     7
  347    10    10
  348     9     8
  349     3     3
  350     2     1
  351     2     2
  352    10    10
  353     5     6
  354     8     8
  355     5     4
  356     1     1
  357     6     5
  358     6     5
  359    10     9
  360     1     2
  361     6     6
  362     8     9
  363     5     5
  364     8     8
  365     4     4
  366     8     7
  367     7     7
  368     8     8
  369     1     1
  370     3     3
  371     3     4
  372    11    10
  373     6     6
  374     8     8
  375     7     6
  376     4     3
  377    10     9
  378     9    10
  379     8     8
  380     2     1
  381     6     5
  382     8     9
  383     3     2
  384     6     7
  385     9     9
  386     7     7
  387     7     7
  388     7     8
  389     5     4
  390     3     2
  391     6     7
  392     6     7
  393     4     3
  394     3     4
  395     5     4
  396     7     7
  397     3     2
  398     8     8
  399     4     4
  400     9     9
  401    10    10
  402     2     3
  403     2     2
  404     5     5
  405     1     2
  406     6     6
  407    11    10
  408     5     6
  409     7     6
  410     3     4
  411    10     9
  412     1     1
  413    10     9
  414     4     5
  415     3     3
  416     3     2
  417     6     5
  418     9     8
  419    11    10
  420     6     6
  421     1     1
  422     9     9
  423     3     3
  424     3     4
  425     1     2
  426     4     3
  427    10    10
  428     4     4
  429     3     4
  430     5     4
  431     3     3
  432     6     6
  433     9    10
  434     5     5
  435     7     7
  436    10     9
  437     2     2
  438     1     2
  439     9    10
  440     8     7
  441     9     8
  442     5     4
  443     9     8
  444     7     8
  445     4     5
  446     8     8
  447     2     1
  448     6     7
  449     4     5
  450    10     9
  451     3     3
  452     6     7
  453     4     3
  454     2     1
  455     7     6
  456     4     4
  457     6     7
  458     4     4
  459     4     3
  460     9    10
  461     4     5
  462     5     6
  463     6     7
  464     4     4
  465     4     4
  466     3     2
  467     9     8
  468     4     4
  469     1     2
  470     1     1
  471    10    10
  472     1     1
  473     4     4
  474     2     2
  475     3     2
  476     8     7
  477     5     5
  478     6     6
  479     6     5
  480     9     9
  481     7     7
  482     2     1
  483     7     7
  484     8     8
  485     4     3
  486     8     9
  487     9     8
  488     2     2
  489     1     1
  490     8     9
  491     7     7
  492     8     7
  493     2     1
  494     9     9
  495     4     3
  496     8     8
  497     6     7
  498     4     3
  499    10    10
  500     3     4
  501     8     9
  502     2     2
  503     3     3
  504     7     7
  505     9     9
  506     9     9
  507     5     5
  508     1     1
  509     2     3
  510     6     7
  511     8     8
  512     2     2
  513     7     6
  514     5     6
  515     7     7
  516     6     6
  517     4     4
  518     4     5
  519     7     7
  520     4     4
  521     9     9
  522     8     9
  523     7     6
  524     4     4
  525     1     1
  526     9    10
  527     2     1
  528    10    10
  529     3     3
  530     4     3
  531     1     1
  532     6     6
  533     1     2
  534     9     9
  535     2     1
  536     2     2
  537     4     5
  538    10    10
  539     9     8
  540     5     4
  541     1     1
  542     8     8
  543     8     9
  544     9     8
  545    11    10
  546     8     8
  547     8     7
  548     1     2
  549     7     8
  550     7     6
  551    10    10
  552     1     1
  553     6     7
  554     1     1
  555     3     3
  556     4     5
  557     9    10
  558     4     5
  559     2     2
  560    10     9
  561     9     9
  562     5     5
  563     6     6
  564     9    10
  565     1     2
  566     7     7
  567     8     7
  568     7     7
  569     4     5
  570     2     1
  571     1     2
  572     6     5
  573     3     2
  574    10    10
  575     4     5
  576     3     3
  577     2     3
  578     1     1
  579     6     7
  580     2     2
  581     5     6
  582     8     9
  583     4     5
  584     8     8
  585     4     3
  586     7     8
  587     1     2
  588    10    10
  589     1     1
  590    10     9
  591     9     9
  592     4     3
  593     6     6
  594     7     7
  595     6     6
  596     2     1
  597     1     1
  598     5     6
  599     3     2
  600     2     2
  601     8     8
  602     4     5
  603     7     6
  604     7     7
  605     4     4
  606     7     7
  607     3     2
  608     6     7
  609     4     4
  610     7     7
  611     8     8
  612     1     1
  613     4     3
  614     8     8
  615     2     2
  616     5     6
  617     7     7
  618     5     5
  619     7     8
  620     3     4
  621     4     3
  622     8     7
  623     6     7
  624     5     4
  625     3     3
  626     2     1
  627     9    10
  628     9     9
  629     4     4
  630     9    10
  631     3     2
  632     3     4
  633    11    10
  634     8     7
  635     9     8
  636     2     3
  637     5     5
  638     4     4
  639     7     7
  640     9     9
  641     7     8
  642     5     5
  643    10    10
  644     9     8
  645     6     7
  646     3     4
  647     6     7
  648     9    10
  649     6     6
  650    10    10
  651     1     1
  652    11    10
  653     2     2
  654     6     7
  655     8     7
  656     1     2
  657     5     5
  658     4     4
  659     5     6
  660     1     1
  661     8     8
  662     2     1
  663     5     6
  664     9     8
  665     9    10
  666    10    10
  667     1     1
  668     1     1
  669     3     4
  670     5     6
  671     1     1
  672     8     7
  673    10    10
  674     8     7
  675     4     3
  676     9     8
  677     1     1
  678     4     4
  679    11    10
  680     3     2
  681    10     9
  682     5     4
  683     9    10
  684     1     1
  685     8     9
  686     2     2
  687     7     7
  688    10     9
  689     3     4
  690     2     2
  691     6     5
  692     5     6
  693     7     6
  694     6     5
  695     8     7
  696     5     5
  697     3     3
  698     2     1
  699     3     2
  700     3     4
  701     1     1
  702     5     6
  703     6     7
  704     7     8
  705     5     5
  706     1     1
  707     3     2
  708     4     5
  709     7     6
  710     2     1
  711     5     6
  712     1     1
  713     7     6
  714     5     6
  715     3     4
  716     3     2
  717     8     9
  718     8     7
  719     3     2
  720     1     1
  721     1     1
  722     3     3
  723    11    10
  724     2     3
  725     5     6
  726     6     5
  727     1     2
  728     7     6
  729    10    10
  730     7     8
  731     7     7
  732     2     3
  733     4     5
  734     8     8
  735    10    10
  736     3     2
  737     4     3
  738     9    10
  739     5     5
  740     5     4
  741     6     5
  742     3     2
  743     6     5
  744     9     8
  745     9    10
  746     4     3
  747     8     8
  748     5     5
  749     7     8
  750     8     7
  751     5     5
  752     5     5
  753     6     5
  754     4     4
  755     4     3
  756     8     7
  757     3     3
  758     3     3
  759     9    10
  760     3     3
  761     2     3
  762     5     4
  763     1     1
  764     3     3
  765     9     8
  766     3     3
  767    10    10
  768     3     2
  769     1     1
  770     2     3
  771     2     2
  772     9    10
  773     1     1
  774     6     7
  775     7     6
  776     4     3
  777     5     4
  778     3     4
  779     3     3
  780     5     5
  781     4     5
  782     6     5
  783    10    10
  784     4     4
  785    11    10
  786     1     2
  787    10    10
  788     5     4
  789     8     8
  790     2     3
  791     1     1
  792     5     6
  793     9     9
  794     3     2
  795     2     1
  796     2     3
  797     8     8
  798    11    10
  799     7     8
  800    10    10
  801     7     6
  802     9     9
  803     6     5
  804     4     5
  805     4     4
  806     4     5
  807     6     7
  808     4     3
  809     3     3
  810     7     7
  811     7     7
  812     4     5
  813     6     5
  814     6     7
  815     9    10
  816     6     6
  817     2     3
  818     5     5
  819     1     1
  820     6     7
  821     2     1
  822     5     6
  823     9     9
  824     6     6
  825     4     3
  826     6     6
  827     9    10
  828     3     3
  829     4     4
  830     5     6
  831     9     8
  832     3     4
  833     7     7
  834     7     7
  835     3     2
  836     8     7
  837     8     9
  838     4     3
  839     2     1
  840     6     5
  841     1     1
  842     4     5
  843     2     3
  844     3     3
  845     6     5
  846     4     4
  847     7     6
  848     8     8
  849     6     7
  850     6     6
  851    10    10
  852     2     1
  853    11    10
  854     6     7
  855     9    10
  856     9     9
  857     6     6
  858     6     7
  859     2     3
  860    10    10
  861     7     7
  862     4     5
  863     3     3
  864     6     6
  865     7     7
  866     3     4
  867     6     7
  868     7     8
  869     2     3
  870     8     9
  871     7     6
  872     3     2
  873     8     7
  874     2     1
  875     5     4
  876    10    10
  877     6     6
  878     6     5
  879     1     1
  880     4     5
  881     2     3
  882     5     6
  883     6     7
  884     7     8
  885     5     5
  886     9     9
  887     1     1
  888     9     8
  889     7     7
  890     5     4
  891    10    10
  892     9     9
  893     4     4
  894     2     2
  895     4     3
  896     6     7
  897     2     2
  898    10    10
  899     4     3
  900     5     5
  901     7     6
  902     5     6
  903     4     4
  904    10     9
  905     9    10
  906    10     9
  907     3     3
  908     7     7
  909    11    10
  910     7     6
  911     1     1
  912     8     8
  913     3     2
  914     8     8
  915     8     7
  916     1     1
  917     4     3
  918     2     3
  919     3     2
  920     8     9
  921     9     8
  922     3     2
  923     7     8
  924     9    10
  925     5     6
  926     9     8
  927     4     4
  928     5     6
  929     4     3
  930     3     4
  931     1     1
  932     1     1
  933     7     7
  934     1     1
  935     9     9
  936     5     6
  937     9    10
  938     9    10
  939     5     5
  940     5     5
  941     6     5
  942     2     2
  943    10     9
  944     1     1
  945     8     8
  946     5     4
  947     5     6
  948    11    10
  949     8     9
  950     2     3
  951     9     8
  952     7     6
  953     4     4
  954     7     6
  955     3     4
  956     7     6
  957    10     9
  958     3     3
  959     6     6
  960     7     8
  961     8     9
  962     7     7
  963     7     7
  964     5     4
  965     4     3
  966     6     7
  967     5     4
  968     2     2
  969     5     4
  970     2     3
  971     6     6
  972     7     7
  973     7     7
  974     7     6
  975     5     4
  976     6     5
  977     9    10
  978     1     1
  979     2     1
  980     6     5
  981     2     1
  982     9     8
  983     8     7
  984     8     8
  985     6     5
  986     9     8
  987     7     8
  988     5     6
  989     5     4
  990     7     7
  991     5     6
  992    11    10
  993     3     2
  994     5     5
  995    10    10
  996     8     9
  997     6     5
  998     3     3
  999     3     4
 1000     4     4
163
