100
    1   384   476
    2    55   104
    3   871   814
    4   480   551
    5   935   928
    6   410   462
    7   845   897
    8   909   816
    9   387   289
   10   197   118
   11   818   752
   12   564   487
   13   440   360
   14   324   400
   15   247   153
   16   858   801
   17   275   193
   18   412   444
   19   697   669
   20   754   826
   21     1    25
   22   446   436
   23   140   168
   24   118   107
   25   376   369
   26   482   460
   27   376   342
   28   116    68
   29   614   610
   30   184    99
   31   314   334
   32    40    24
   33    53   136
   34    91    41
   35   672   656
   36   770   781
   37     1    24
   38   173   193
   39   119    88
   40   145    67
   41   537   443
   42   831   750
   43   211   194
   44   153   170
   45   562   523
   46   948   895
   47   466   414
   48   304   238
   49   277   195
   50   316   348
   51   384   347
   52   731   748
   53   617   657
   54   147   112
   55   468   565
   56   350   428
   57  1024   933
   58   389   359
   59   642   576
   60   289   342
   61   874   881
   62   767   791
   63   298   356
   64   377   471
   65   213   280
   66   188   256
   67   272   177
   68   785   843
   69   622   536
   70   648   574
   71   468   506
   72   198   122
   73   207   202
   74   405   347
   75   117   164
   76   900   861
   77   628   679
   78   173   207
   79   596   653
   80    76   127
   81   675   714
   82   372   354
   83   468   439
   84   172   190
   85   636   650
   86   906   982
   87   189   252
   88  1016  1000
   89   676   622
   90    16    47
   91   648   657
   92   617   689
   93   321   273
   94   713   788
   95   146   196
   96   515   561
   97   442   469
   98   488   581
   99   756   744
  100   478   432
2221
