100
    1     8     9
    2     1     1
    3     9     9
    4     6     6
    5     2     1
    6     8     7
    7     1     2
    8     8     7
    9     9     8
   10     1     1
   11     6     5
   12     9     8
   13     1     1
   14     6     7
   15    10    10
   16     4     4
   17     7     6
   18     1     1
   19     4     4
   20     1     1
   21    10    10
   22    10     9
   23     7     7
   24     8     8
   25     7     6
   26     8     7
   27     9     9
   28    10     9
   29     8     9
   30     9    10
   31     7     7
   32     4     3
   33     8     7
   34     9    10
   35     1     1
   36     5     6
   37     1     1
   38     9     8
   39     1     1
   40     3     4
   41     7     8
   42     7     7
   43     3     3
   44     2     3
   45     3     2
   46     2     2
   47     6     7
   48     2     3
   49     7     8
   50     6     7
   51    10    10
   52    10     9
   53    11    10
   54     9     9
   55     9    10
   56     5     5
   57     5     4
   58     3     2
   59     2     3
   60     6     5
   61    10    10
   62     7     8
   63     6     5
   64     2     2
   65     6     7
   66     1     1
   67     6     6
   68     7     6
   69     9     9
   70     6     7
   71     6     7
   72     8     9
   73     5     5
   74     8     8
   75     2     3
   76     1     2
   77     9     8
   78     5     6
   79     9    10
   80    11    10
   81     7     7
   82     4     3
   83     1     2
   84     2     1
   85     9     9
   86     4     3
   87     8     7
   88    10     9
   89     1     1
   90    10    10
   91     2     2
   92     6     6
   93     2     2
   94     8     9
   95     4     5
   96     2     2
   97     4     4
   98     4     4
   99     6     5
  100     2     1
56
