100
    1   867   889
    2   361   301
    3   172   139
    4   398   476
    5   109   141
    6   724   627
    7   777   862
    8   186   197
    9   508   438
   10   414   451
   11   762   845
   12   634   708
   13   877   821
   14   888   877
   15   381   390
   16   179   254
   17   153    86
   18   476   521
   19   996   954
   20   772   791
   21   214   190
   22   787   849
   23   277   277
   24     1    48
   25   774   806
   26   829   777
   27   357   339
   28   121   129
   29   131    39
   30   929   960
   31   619   667
   32   213   293
   33   222   317
   34   987   910
   35   212   221
   36    69   106
   37  1000   901
   38   706   798
   39   170   141
   40   244   344
   41     1    48
   42   915   867
   43   856   823
   44   239   183
   45   323   352
   46   767   692
   47   410   507
   48   820   803
   49   338   288
   50     1    17
   51   183   120
   52   750   689
   53   653   670
   54   973   949
   55   226   290
   56   973   985
   57   380   394
   58   746   652
   59   719   813
   60    20   115
   61   877   790
   62   906   988
   63    56   145
   64   843   852
   65   362   357
   66   734   701
   67   308   326
   68   559   576
   69   331   349
   70   397   467
   71   492   487
   72   782   759
   73   283   295
   74   328   328
   75   425   513
   76   713   642
   77  1046   988
   78   578   516
   79   527   570
   80   395   460
   81   939   927
   82   552   503
   83   720   652
   84   170    91
   85   787   799
   86   671   763
   87   600   617
   88   968   949
   89   551   491
   90   601   700
   91   800   782
   92   404   446
   93   432   462
   94   361   449
   95   486   505
   96   630   582
   97   211   274
   98   426   354
   99   881   805
  100    41    61
5240
