100
    1     5     6
    2     2     2
    3     3     4
    4     2     1
    5     8     8
    6     3     4
    7     8     9
    8    10    10
    9    10     9
   10     4     4
   11     5     6
   12     6     5
   13    10    10
   14     9    10
   15     1     1
   16     4     3
   17     6     7
   18     5     6
   19     6     7
   20     9     8
   21     8     7
   22     5     6
   23     7     6
   24     1     1
   25     9     9
   26     5     4
   27    11    10
   28     8     8
   29     3     2
   30    10     9
   31    11    10
   32     7     8
   33     9    10
   34     8     7
   35     9     8
   36     1     1
   37     5     6
   38     7     7
   39    11    10
   40     9     9
   41     6     7
   42     1     2
   43     7     8
   44     9    10
   45     4     5
   46     3     3
   47     9     8
   48    11    10
   49     8     9
   50     3     4
   51     8     7
   52     9    10
   53     7     7
   54     3     2
   55     6     5
   56     5     4
   57     2     3
   58     3     3
   59     6     6
   60    10    10
   61     9     9
   62     8     9
   63     8     8
   64     5     5
   65     2     2
   66     3     2
   67     7     7
   68     9     9
   69     7     6
   70     9     8
   71    11    10
   72     3     2
   73     7     6
   74     2     1
   75     5     4
   76     7     7
   77     5     5
   78     6     5
   79     6     5
   80     3     3
   81     3     4
   82     5     4
   83     9     9
   84    11    10
   85    11    10
   86     6     6
   87     4     4
   88     9     8
   89     8     8
   90     9     9
   91     7     7
   92     4     5
   93     4     3
   94     7     8
   95     3     4
   96     8     7
   97     2     3
   98    10     9
   99     3     4
  100     6     6
55
