100
    1   183   122
    2   482   414
    3     1    36
    4   133   181
    5   937   854
    6   235   196
    7   832   911
    8   718   734
    9   190   111
   10    79    44
   11   731   726
   12   746   669
   13   435   446
   14   608   598
   15   551   647
   16     1    31
   17   402   495
   18   745   802
   19   448   355
   20   635   688
   21   895   959
   22   979   930
   23   265   254
   24   416   401
   25   428   335
   26   294   274
   27   332   332
   28   922   962
   29   947   968
   30   836   825
   31   591   660
   32   782   798
   33   554   582
   34   412   423
   35   896   830
   36   331   251
   37   629   662
   38  1020   951
   39   808   726
   40   986   897
   41   169   201
   42   976   892
   43   240   320
   44   950   976
   45   709   673
   46   501   517
   47   637   636
   48   417   412
   49   181   217
   50   214   162
   51   433   497
   52   204   242
   53   304   263
   54   477   518
   55     1    27
   56   730   794
   57   571   619
   58   245   301
   59   629   670
   60   536   492
   61    63    47
   62    80   101
   63   245   170
   64   891   989
   65   663   638
   66   382   430
   67     1    47
   68   917   961
   69   639   622
   70   267   276
   71   179   184
   72    85     8
   73   876   824
   74   646   625
   75   224   154
   76   883   867
   77   321   285
   78   211   213
   79   533   475
   80   450   405
   81   701   640
   82   490   424
   83   718   765
   84   842   748
   85   693   768
   86   439   388
   87   877   858
   88   365   350
   89   125   204
   90   933   997
   91     1     7
   92   624   527
   93   738   679
   94   465   394
   95   600   602
   96   908   871
   97   284   347
   98   545   483
   99  1087   990
  100   930   958
1553
