1000
    1     8     9
    2     1     1
    3     9     9
    4     6     6
    5     2     1
    6     8     7
    7     1     2
    8     8     7
    9     9     8
   10     1     1
   11     6     5
   12     9     8
   13     1     1
   14     6     7
   15    10    10
   16     4     4
   17     7     6
   18     1     1
   19     4     4
   20     1     1
   21    10    10
   22    10     9
   23     7     7
   24     8     8
   25     7     6
   26     8     7
   27     9     9
   28    10     9
   29     8     9
   30     9    10
   31     7     7
   32     4     3
   33     8     7
   34     9    10
   35     1     1
   36     5     6
   37     1     1
   38     9     8
   39     1     1
   40     3     4
   41     7     8
   42     7     7
   43     3     3
   44     2     3
   45     3     2
   46     2     2
   47     6     7
   48     2     3
   49     7     8
   50     6     7
   51    10    10
   52    10     9
   53    11    10
   54     9     9
   55     9    10
   56     5     5
   57     5     4
   58     3     2
   59     2     3
   60     6     5
   61    10    10
   62     7     8
   63     6     5
   64     2     2
   65     6     7
   66     1     1
   67     6     6
   68     7     6
   69     9     9
   70     6     7
   71     6     7
   72     8     9
   73     5     5
   74     8     8
   75     2     3
   76     1     2
   77     9     8
   78     5     6
   79     9    10
   80    11    10
   81     7     7
   82     4     3
   83     1     2
   84     2     1
   85     9     9
   86     4     3
   87     8     7
   88    10     9
   89     1     1
   90    10    10
   91     2     2
   92     6     6
   93     2     2
   94     8     9
   95     4     5
   96     2     2
   97     4     4
   98     4     4
   99     6     5
  100     2     1
  101     4     4
  102     4     5
  103     9     9
  104     2     1
  105     8     8
  106     6     5
  107     9     8
  108     7     8
  109     7     8
  110     8     8
  111     1     2
  112     5     6
  113     3     2
  114     9    10
  115     2     2
  116     1     2
  117     7     8
  118     3     4
  119     9    10
  120     9     8
  121     8     9
  122     2     2
  123     3     3
  124     2     2
  125     3     4
  126     3     4
  127     3     3
  128     4     3
  129     7     6
  130     5     4
  131     9     9
  132     6     6
  133     9    10
  134     6     7
  135    10    10
  136     1     1
  137     6     6
  138     3     2
  139    10     9
  140     3     3
  141     7     6
  142    10    10
  143     5     6
  144     5     6
  145     2     2
  146     8     7
  147     8     9
  148     2     2
  149     7     8
  150     4     3
  151     7     8
  152     4     4
  153     2     3
  154     2     1
  155     1     1
  156     8     7
  157     8     9
  158     6     6
  159     1     1
  160    10    10
  161     3     4
  162     7     6
  163     1     1
  164     1     1
  165     7     8
  166     4     3
  167     3     4
  168     6     5
  169     7     7
  170     9     8
  171     7     8
  172     1     1
  173     5     4
  174     4     5
  175    10    10
  176     9    10
  177     1     1
  178     7     8
  179     8     9
  180     2     3
  181     1     2
  182    10    10
  183     4     5
  184     3     3
  185    10    10
  186     3     4
  187     9     9
  188     9    10
  189     5     5
  190    11    10
  191     1     1
  192     7     6
  193     3     3
  194     6     5
  195     6     6
  196     6     5
  197     6     7
  198    10     9
  199     7     8
  200     3     4
  201     3     4
  202     3     2
  203     7     8
  204     3     2
  205     5     4
  206     5     6
  207     9     9
  208     6     7
  209     1     2
  210     7     6
  211     4     3
  212     3     3
  213     6     6
  214    11    10
  215     1     1
  216     1     2
  217    10     9
  218     8     7
  219     4     4
  220     9     9
  221     2     3
  222     2     2
  223     8     8
  224     9     9
  225    10     9
  226     4     3
  227     9    10
  228    11    10
  229     9    10
  230     3     2
  231     2     2
  232     7     7
  233     5     4
  234     8     7
  235     8     8
  236     3     3
  237     3     4
  238     4     4
  239     4     4
  240     3     4
  241     5     6
  242     8     8
  243     9    10
  244     2     2
  245    10     9
  246     1     2
  247     6     5
  248     5     5
  249     4     3
  250     6     7
  251     7     8
  252     7     8
  253     1     2
  254     9     9
  255     3     4
  256     7     6
  257     4     3
  258     5     5
  259     5     4
  260     9     8
  261    11    10
  262     8     8
  263    10    10
  264     4     4
  265     4     4
  266     4     3
  267    10     9
  268    10     9
  269     6     6
  270     6     6
  271     2     3
  272     1     2
  273     4     5
  274     5     4
  275     9     8
  276     2     3
  277     7     6
  278    10     9
  279     4     4
  280     9     9
  281     8     8
  282     1     1
  283     2     2
  284     9    10
  285     8     7
  286     3     2
  287     1     2
  288     2     2
  289     7     8
  290     5     4
  291     9     9
  292     1     1
  293     1     1
  294     3     3
  295     5     4
  296     9     8
  297     2     3
  298     4     3
  299     7     7
  300    10     9
  301     7     7
  302     7     6
  303     5     5
  304    10    10
  305     8     8
  306     6     5
  307    10    10
  308     2     2
  309     6     7
  310     6     6
  311     7     7
  312     2     1
  313     1     1
  314     6     7
  315     8     9
  316     4     5
  317     9     8
  318     9    10
  319     4     3
  320    10    10
  321     6     5
  322     3     2
  323    10     9
  324     3     3
  325     7     8
  326     4     4
  327     6     7
  328     3     2
  329     1     1
  330     9     8
  331     8     7
  332     5     4
  333    11    10
  334    10     9
  335     6     5
  336     3     4
  337     8     8
  338     4     4
  339     1     1
  340     7     7
  341     9     8
  342     6     7
  343     8     9
  344     9     9
  345     8     7
  346     6     6
  347     4     3
  348     4     3
  349     4     4
  350     4     4
  351    10     9
  352     4     3
  353     7     7
  354     4     5
  355     2     3
  356     4     4
  357     2     2
  358     2     2
  359    10    10
  360     4     5
  361     8     7
  362     1     2
  363     1     2
  364    10     9
  365     1     1
  366    10    10
  367     6     6
  368     4     3
  369    11    10
  370     2     2
  371     7     7
  372     2     1
  373     6     7
  374     3     3
  375     8     7
  376     3     4
  377     9     8
  378     4     3
  379     4     5
  380     3     4
  381     5     4
  382     3     2
  383     4     5
  384     1     2
  385     3     2
  386     4     4
  387     9    10
  388     6     5
  389     2     3
  390     2     1
  391     2     2
  392     1     2
  393     8     8
  394    10     9
  395     6     7
  396     5     6
  397     7     7
  398     1     1
  399     3     3
  400     5     4
  401     9     9
  402     7     6
  403     7     7
  404     7     6
  405     2     3
  406     6     5
  407     3     3
  408     6     7
  409     9     9
  410     2     1
  411     7     8
  412    10    10
  413     1     2
  414    11    10
  415     4     4
  416     2     3
  417     6     6
  418     6     5
  419     6     7
  420     8     7
  421    11    10
  422     6     6
  423     9     8
  424     2     1
  425     2     1
  426    10    10
  427     7     7
  428     4     5
  429     5     5
  430     6     5
  431     4     4
  432     4     5
  433     1     1
  434     6     6
  435     4     4
  436    10    10
  437     2     1
  438     8     9
  439     4     5
  440     9    10
  441     6     7
  442     1     1
  443     8     9
  444     3     3
  445     5     6
  446     2     3
  447     5     6
  448    10    10
  449     9    10
  450     1     2
  451     3     4
  452     9     8
  453     1     2
  454     3     2
  455     6     5
  456     4     3
  457     9     8
  458     7     7
  459     9    10
  460     6     5
  461     3     4
  462     1     1
  463     9    10
  464     3     3
  465     4     3
  466     3     3
  467     3     3
  468     8     7
  469     7     7
  470     9    10
  471     2     1
  472    10    10
  473     8     9
  474     4     3
  475     2     1
  476     3     2
  477     1     2
  478     4     5
  479     2     2
  480     5     6
  481     3     2
  482     5     6
  483     7     6
  484     9     9
  485     5     6
  486     4     4
  487     7     7
  488     1     1
  489     5     6
  490     9    10
  491     9     8
  492     7     6
  493     6     6
  494     9     8
  495     5     6
  496     8     7
  497     4     4
  498     7     8
  499     1     1
  500     9     9
  501     9    10
  502     8     9
  503     2     2
  504     6     6
  505     3     4
  506     8     8
  507     3     4
  508     3     4
  509     7     8
  510     5     6
  511     3     3
  512     4     5
  513     7     7
  514     1     1
  515     5     6
  516     8     7
  517     9     9
  518     9     8
  519     5     4
  520     2     1
  521     7     6
  522    10    10
  523     5     5
  524     2     3
  525     3     4
  526     9     9
  527     4     4
  528     1     1
  529    10    10
  530     6     6
  531     6     6
  532     5     5
  533     5     5
  534     9     8
  535     7     8
  536     8     7
  537     7     6
  538     1     1
  539     5     5
  540    10     9
  541     1     2
  542     9     9
  543     7     6
  544     6     7
  545     6     7
  546     4     3
  547     5     4
  548     4     3
  549     8     7
  550     2     3
  551     2     3
  552    11    10
  553     1     2
  554     7     8
  555     3     2
  556     2     2
  557     2     1
  558     1     2
  559     1     1
  560    10    10
  561     9    10
  562    11    10
  563    10     9
  564     1     1
  565     9     9
  566     8     8
  567     8     8
  568    11    10
  569     5     4
  570     4     4
  571     5     5
  572     4     4
  573     4     3
  574     1     1
  575    10    10
  576     8     8
  577     9    10
  578     1     2
  579     7     6
  580     4     3
  581     2     1
  582     4     4
  583    11    10
  584     2     3
  585     6     6
  586     4     5
  587     8     7
  588     3     3
  589     2     2
  590     5     6
  591     2     2
  592     3     4
  593     9     9
  594     7     6
  595     7     7
  596     5     4
  597    11    10
  598     1     1
  599     6     5
  600     2     1
  601     8     7
  602    11    10
  603     9     9
  604     7     6
  605     1     1
  606     7     6
  607     6     7
  608     9    10
  609     6     7
  610     6     6
  611     9     9
  612     7     6
  613     7     6
  614     8     9
  615     4     3
  616     8     9
  617     4     4
  618     3     2
  619     6     5
  620     4     3
  621     3     4
  622     5     4
  623     8     8
  624     7     7
  625     9     8
  626     3     4
  627     6     5
  628     3     4
  629     4     5
  630    10     9
  631     7     7
  632     8     9
  633     2     3
  634     6     6
  635     4     5
  636     3     4
  637     5     4
  638     7     7
  639     5     6
  640     7     8
  641     5     5
  642     1     2
  643     3     3
  644     1     1
  645    10    10
  646     6     5
  647     9     8
  648     2     1
  649     2     1
  650     8     9
  651     9    10
  652     4     3
  653     4     5
  654     6     6
  655     9    10
  656     4     5
  657     3     2
  658     7     7
  659     2     1
  660    10    10
  661     9     9
  662     3     2
  663     8     9
  664     4     3
  665     4     5
  666     7     7
  667     2     2
  668     3     2
  669     2     3
  670     4     3
  671     1     2
  672     4     4
  673     4     3
  674     9     8
  675    10    10
  676     2     3
  677     6     6
  678     1     1
  679     2     1
  680     8     9
  681     2     2
  682     4     5
  683     2     1
  684     3     2
  685     6     6
  686     9     9
  687     3     4
  688    10    10
  689     9     9
  690     7     7
  691     7     6
  692    10     9
  693     8     7
  694     5     6
  695     7     8
  696     7     8
  697    11    10
  698     3     4
  699     4     3
  700     1     1
  701     5     6
  702     4     3
  703     1     2
  704     7     7
  705     9     8
  706    11    10
  707     4     3
  708     5     4
  709     6     5
  710     5     4
  711     3     3
  712    10    10
  713     8     9
  714     8     7
  715     5     5
  716     1     1
  717     1     2
  718     6     6
  719     6     7
  720     4     4
  721     5     4
  722     7     8
  723     5     5
  724     3     4
  725     7     7
  726     7     8
  727     4     5
  728     1     1
  729     9     9
  730     4     3
  731    11    10
  732     6     6
  733     7     6
  734     5     5
  735     6     7
  736     8     9
  737     4     4
  738     8     9
  739     7     8
  740     6     7
  741     2     2
  742     6     7
  743     5     6
  744     4     5
  745     8     9
  746     7     8
  747     6     5
  748     8     8
  749     8     9
  750     5     4
  751     9     8
  752     8     8
  753     6     6
  754     6     7
  755     5     4
  756     9     8
  757     7     6
  758     5     4
  759     1     1
  760    10    10
  761     5     4
  762     1     1
  763     2     2
  764     6     6
  765     8     7
  766    11    10
  767     7     7
  768    10     9
  769     8     8
  770    10    10
  771     1     1
  772     2     1
  773     8     8
  774     5     4
  775     5     5
  776     3     4
  777     2     3
  778     5     5
  779    10    10
  780     3     4
  781     7     6
  782     1     2
  783    10     9
  784     6     5
  785     1     1
  786     8     7
  787    10     9
  788     4     5
  789     2     3
  790     2     2
  791     3     2
  792     8     7
  793     9    10
  794     8     7
  795     7     8
  796     9    10
  797     7     7
  798     9     9
  799     2     3
  800     1     1
  801     1     1
  802     7     6
  803     9    10
  804     3     4
  805     4     5
  806     1     2
  807     8     8
  808     8     8
  809     7     6
  810     4     4
  811    10    10
  812     3     4
  813     7     8
  814     7     8
  815     6     7
  816     8     9
  817     3     2
  818     3     4
  819     9    10
  820     9     8
  821     8     8
  822     8     7
  823     9     8
  824     7     7
  825     5     6
  826     1     1
  827     2     1
  828    11    10
  829     9     9
  830     8     9
  831     7     7
  832     7     7
  833     7     6
  834    10    10
  835     6     7
  836     2     2
  837     5     6
  838     8     8
  839     4     4
  840     1     2
  841     9     8
  842     1     2
  843     9    10
  844     9     8
  845     7     6
  846     1     1
  847     9     9
  848     2     1
  849     1     2
  850     7     7
  851     2     3
  852     3     4
  853     4     3
  854     1     2
  855     4     5
  856    11    10
  857     4     3
  858    10    10
  859    10    10
  860     2     1
  861     8     8
  862    11    10
  863     9    10
  864     4     3
  865     9    10
  866     2     1
  867     5     6
  868     8     7
  869    10    10
  870     7     6
  871     6     5
  872     2     1
  873     3     4
  874     2     2
  875     2     1
  876     8     9
  877     4     3
  878     3     2
  879     3     4
  880     7     8
  881     8     8
  882     6     5
  883    11    10
  884     3     3
  885     1     2
  886    11    10
  887     6     6
  888     2     3
  889     5     6
  890     6     7
  891     4     5
  892     3     2
  893     5     5
  894     9     9
  895     5     4
  896    11    10
  897     7     7
  898     4     5
  899     6     6
  900    10    10
  901     8     7
  902     8     7
  903     6     7
  904     9     8
  905     3     3
  906     1     2
  907     2     2
  908     5     6
  909     2     1
  910     4     3
  911     2     2
  912     4     5
  913     1     1
  914     6     7
  915     7     8
  916     3     2
  917     7     6
  918     9    10
  919     5     5
  920     9    10
  921     8     7
  922     2     3
  923     6     7
  924     2     1
  925    10     9
  926     7     7
  927     1     1
  928     2     3
  929     3     4
  930     6     5
  931     3     4
  932    10    10
  933     8     8
  934     9     8
  935     7     8
  936     2     1
  937     2     3
  938     7     7
  939     9     8
  940     3     2
  941    10    10
  942     3     3
  943     3     4
  944     7     8
  945     6     7
  946     2     3
  947     4     5
  948     2     1
  949    10    10
  950    10    10
  951    10     9
  952     6     7
  953     8     7
  954     9     9
  955     8     7
  956     9     9
  957    11    10
  958     5     4
  959     9     9
  960     1     1
  961     2     2
  962     5     4
  963     2     2
  964     1     1
  965     7     6
  966     9     8
  967     8     7
  968     4     5
  969     6     7
  970     3     4
  971     8     7
  972    11    10
  973     3     4
  974     1     1
  975     8     7
  976    11    10
  977     8     7
  978     7     6
  979     7     8
  980     1     2
  981     2     2
  982     2     1
  983     5     4
  984     9     9
  985     5     6
  986    10     9
  987     7     7
  988     3     3
  989     4     3
  990     5     6
  991     8     9
  992     3     3
  993     5     5
  994     3     4
  995     6     5
  996     6     6
  997     7     6
  998     2     2
  999     8     7
 1000     8     9
557
