1000
    1   429   416
    2   658   724
    3   952   906
    4   836   811
    5   436   428
    6  1010   930
    7  1020   925
    8   225   300
    9   641   581
   10   961   970
   11   644   700
   12   878   851
   13   631   532
   14    93   148
   15   408   493
   16   991   909
   17    82   149
   18   430   512
   19    48    41
   20   818   902
   21   804   893
   22   713   776
   23   340   340
   24   412   343
   25   977   949
   26   754   736
   27   238   322
   28   130   208
   29   280   326
   30   538   551
   31   270   338
   32   172   220
   33   407   380
   34   381   453
   35    70     4
   36   691   721
   37   603   652
   38   616   709
   39   447   364
   40   827   727
   41   600   607
   42   473   386
   43   772   798
   44   747   782
   45   504   471
   46   104   139
   47   808   858
   48   681   586
   49   236   239
   50   609   624
   51   633   647
   52   375   384
   53   589   517
   54   656   572
   55    74   137
   56   512   512
   57   917   953
   58   604   595
   59   119   116
   60  1085   994
   61   302   213
   62   745   763
   63  1041   984
   64   556   507
   65   314   348
   66   224   252
   67   861   917
   68   747   727
   69   304   356
   70   288   330
   71   890   862
   72   922   894
   73   897   798
   74   585   551
   75   482   496
   76   218   225
   77   316   243
   78   249   219
   79   571   649
   80   271   331
   81   476   566
   82   407   494
   83   817   739
   84   663   658
   85   152   238
   86   123   146
   87   163   112
   88   764   700
   89   775   786
   90   548   595
   91   427   357
   92    78    13
   93   155    85
   94  1016  1000
   95   104     8
   96   452   533
   97   126   225
   98    49    33
   99   217   236
  100   784   836
  101   708   685
  102   779   848
  103    85   122
  104    33    32
  105   446   425
  106   213   114
  107   204   207
  108   692   739
  109   574   503
  110   152   229
  111   913   851
  112   243   295
  113   410   313
  114   681   609
  115   245   269
  116   929   931
  117   961   871
  118   330   377
  119   540   609
  120    50   109
  121   448   352
  122   626   577
  123     1    36
  124   383   327
  125     1    53
  126   667   719
  127   208   268
  128  1024   956
  129   368   379
  130   109   131
  131   395   370
  132  1003   921
  133    86   159
  134   554   560
  135   786   745
  136   242   262
  137   935   857
  138   189   115
  139   141   142
  140   285   244
  141     1    11
  142   122    97
  143   697   695
  144    20   119
  145   405   441
  146   968   954
  147    64   158
  148   286   203
  149  1062   993
  150   991   986
  151   216   301
  152   524   433
  153   169   170
  154   422   428
  155   877   826
  156   621   584
  157   439   390
  158    29    55
  159   465   498
  160   570   637
  161    49    89
  162   947   859
  163   312   358
  164   932   982
  165   142    81
  166   616   610
  167   252   195
  168   529   624
  169   826   886
  170   392   465
  171   900   939
  172   126   158
  173     1    33
  174   121    78
  175   832   807
  176   986   891
  177   739   766
  178   928   841
  179    43    94
  180    18   108
  181   944   979
  182   590   533
  183   654   604
  184   643   640
  185   529   505
  186   350   253
  187    71   166
  188   898   897
  189   856   800
  190   842   881
  191   293   202
  192   648   595
  193   775   836
  194   439   488
  195   387   321
  196   925   970
  197   647   564
  198   791   734
  199   110    87
  200   164   245
  201   687   711
  202    24   101
  203   267   223
  204   303   271
  205   580   535
  206   848   797
  207   616   648
  208   729   666
  209   516   471
  210  1032   933
  211   310   372
  212   404   364
  213   873   959
  214   586   625
  215   764   782
  216   244   307
  217   821   868
  218   929   988
  219   209   153
  220   284   242
  221   102    66
  222   988   997
  223   341   269
  224   588   500
  225   997   980
  226     9    36
  227   175   155
  228    73   173
  229    69    55
  230    15    99
  231     1    37
  232   245   254
  233   602   557
  234   617   526
  235   561   529
  236   651   656
  237   313   229
  238   763   773
  239   184   197
  240   319   309
  241   925   829
  242   244   199
  243   123    57
  244   417   387
  245     1    26
  246   863   855
  247   290   242
  248   374   274
  249   606   676
  250   468   392
  251   285   283
  252   346   403
  253   581   501
  254   732   714
  255    28    35
  256   660   689
  257   845   760
  258     1    12
  259   470   563
  260   900   865
  261   973   891
  262   811   817
  263   403   479
  264   681   715
  265   844   775
  266   693   678
  267   456   386
  268   163   128
  269   507   541
  270   915   879
  271   544   508
  272   738   779
  273   511   480
  274   164   111
  275   110   109
  276    19    34
  277    35    23
  278   521   534
  279   960   873
  280   446   396
  281   859   873
  282   143   194
  283   543   571
  284   290   363
  285   230   176
  286   913   817
  287    69    75
  288   610   601
  289   654   617
  290   704   739
  291   436   466
  292   571   564
  293   983  1000
  294  1031   962
  295   706   627
  296   382   363
  297   341   286
  298   454   514
  299   266   250
  300   680   680
  301   256   172
  302  1015   987
  303   987   974
  304   212   149
  305    81    31
  306   352   420
  307   281   311
  308   300   385
  309   778   868
  310   313   343
  311   999   994
  312   847   786
  313   326   410
  314   778   850
  315   148   122
  316   586   610
  317   382   437
  318   335   377
  319   411   390
  320  1001   909
  321   888   958
  322   184   271
  323   660   616
  324   141   158
  325   182   221
  326   975   955
  327   538   530
  328   500   423
  329   742   802
  330   875   893
  331   640   576
  332   741   655
  333   888   901
  334   422   416
  335   214   250
  336   146   123
  337     1    51
  338   528   479
  339   932   928
  340   408   496
  341   929   865
  342   664   706
  343   600   686
  344   924   980
  345   191   104
  346   576   567
  347   861   832
  348   416   466
  349   327   249
  350   554   539
  351   863   780
  352   162   132
  353   662   600
  354   789   832
  355   482   476
  356   323   345
  357   833   891
  358   340   359
  359   493   451
  360   863   814
  361   793   850
  362   644   741
  363   593   581
  364   672   766
  365   174   262
  366   959   943
  367   250   153
  368   899   820
  369   569   603
  370  1046   951
  371   800   808
  372   556   470
  373   215   272
  374   487   502
  375   130   156
  376   344   353
  377   266   235
  378   142   186
  379    58    20
  380   793   857
  381   443   415
  382   368   455
  383   583   500
  384   229   239
  385   816   767
  386   947   975
  387   347   311
  388   263   218
  389   732   690
  390   840   788
  391   494   447
  392    63   145
  393   395   471
  394   111   106
  395   683   672
  396   700   797
  397  1036   984
  398   496   424
  399    67     2
  400   475   473
  401    66    64
  402   343   253
  403   559   510
  404   649   739
  405   462   366
  406   653   620
  407   303   302
  408   899   930
  409   605   522
  410   125    82
  411  1006   959
  412   162   119
  413   588   573
  414   202   245
  415   348   351
  416   338   438
  417   741   707
  418   919   836
  419   534   592
  420   575   540
  421   265   345
  422   147   227
  423   376   333
  424   501   448
  425    30    64
  426   363   341
  427   163   202
  428   782   684
  429   681   682
  430   323   386
  431   299   343
  432     1    34
  433   429   482
  434   715   737
  435   234   235
  436   940   849
  437   862   846
  438   975   956
  439   878   842
  440   191   103
  441   366   366
  442   536   576
  443   786   792
  444  1018   950
  445   639   643
  446   854   812
  447   811   733
  448   378   361
  449   261   163
  450   385   415
  451   919   969
  452   969   909
  453   219   305
  454     1    67
  455   702   622
  456   905   882
  457   878   911
  458   997   902
  459     1    19
  460   708   802
  461   824   821
  462     1    70
  463   926   925
  464   820   750
  465   605   568
  466   903   954
  467   447   478
  468   103    22
  469   100    70
  470   353   269
  471   138    56
  472   694   671
  473   249   182
  474   543   604
  475   464   424
  476   303   379
  477   637   659
  478   283   332
  479   350   389
  480   116   215
  481   736   759
  482     9     7
  483   438   383
  484   422   446
  485   597   673
  486   100     5
  487   751   778
  488   898   816
  489   828   841
  490   926   837
  491  1030   931
  492   808   871
  493   380   345
  494   598   547
  495   671   735
  496   521   598
  497   571   475
  498   341   425
  499   936   840
  500   443   418
  501   716   631
  502   522   472
  503   898   801
  504   101   147
  505   120   171
  506   977   949
  507   765   671
  508   289   257
  509   470   379
  510   146    79
  511   382   288
  512   815   904
  513   365   408
  514    72    12
  515   257   333
  516   570   494
  517   661   650
  518    62    89
  519   176   217
  520   555   594
  521   311   345
  522   853   817
  523  1010   952
  524   789   716
  525   820   757
  526  1034   994
  527   493   555
  528   971   978
  529   358   427
  530   375   317
  531   484   393
  532   767   766
  533    89   128
  534   756   717
  535   817   717
  536   577   562
  537   256   237
  538    91   148
  539   745   676
  540   605   638
  541   265   299
  542   937   898
  543   568   653
  544   561   654
  545   292   222
  546   539   544
  547    90   105
  548   771   830
  549   314   348
  550   241   254
  551   352   442
  552   364   439
  553   555   653
  554   494   507
  555   246   189
  556  1078   993
  557   517   466
  558   792   875
  559   239   226
  560   981   969
  561   250   263
  562   117    95
  563   402   424
  564   593   554
  565   654   562
  566   293   339
  567   815   771
  568   500   541
  569   557   523
  570   215   193
  571   269   184
  572   878   851
  573   435   388
  574   430   512
  575   675   613
  576   959   895
  577   879   929
  578   738   705
  579   412   507
  580   551   486
  581  1029   998
  582   580   549
  583   586   629
  584   552   456
  585   652   613
  586   329   306
  587   141   144
  588   884   830
  589   111   207
  590   783   741
  591   324   275
  592   956   963
  593   753   840
  594     1    23
  595   610   630
  596   981   893
  597   816   877
  598   855   882
  599   776   828
  600    76    44
  601   196   158
  602   853   907
  603   821   778
  604    72    63
  605   262   326
  606    14    55
  607   327   408
  608   484   531
  609   741   720
  610   771   671
  611   930   988
  612   808   781
  613     1     1
  614     1    30
  615    54   124
  616   574   596
  617   394   475
  618    40     7
  619   262   298
  620    79    26
  621   253   157
  622   943   945
  623   699   759
  624   603   690
  625   155   157
  626   259   285
  627   307   274
  628    73    17
  629   327   232
  630   623   572
  631   234   240
  632   925   966
  633   629   614
  634   151   179
  635   298   388
  636   761   763
  637   583   657
  638   389   368
  639   811   805
  640   225   243
  641   516   548
  642   611   555
  643   545   484
  644   317   380
  645   733   661
  646   581   624
  647   813   901
  648   603   596
  649   368   468
  650   314   362
  651   446   427
  652   862   870
  653   158   124
  654   881   967
  655   269   309
  656   971   908
  657   292   287
  658   334   312
  659   359   262
  660   788   779
  661   112    76
  662   197   103
  663   207   126
  664   496   596
  665   695   682
  666   588   512
  667   310   291
  668   521   503
  669   544   612
  670   891   898
  671   944   893
  672   165   167
  673   338   388
  674   300   253
  675   371   419
  676   539   442
  677   195   241
  678   841   796
  679   845   944
  680   369   416
  681   647   715
  682   512   450
  683   460   410
  684   140   161
  685   306   243
  686   482   542
  687   912   855
  688   933   833
  689   248   214
  690   496   488
  691   322   231
  692   266   334
  693   334   240
  694   627   643
  695   594   495
  696   395   389
  697   885   955
  698    44    83
  699   769   802
  700   315   314
  701   126    87
  702   554   574
  703     1    23
  704   596   542
  705    67    65
  706    45   133
  707   352   376
  708   516   561
  709   751   750
  710   670   585
  711   765   830
  712   643   647
  713    32    38
  714   593   536
  715   769   728
  716   535   500
  717   705   643
  718   602   519
  719   899   842
  720   920   843
  721   384   345
  722   631   599
  723   982   992
  724   397   343
  725   714   782
  726   134   153
  727   348   290
  728   814   714
  729   825   920
  730   845   764
  731   406   503
  732   878   869
  733   599   587
  734   774   828
  735   726   668
  736   545   458
  737   950   987
  738    70   114
  739   982   923
  740   973   974
  741     1     3
  742   722   800
  743   964   927
  744   179   130
  745   398   398
  746   528   611
  747   132    36
  748   527   543
  749   582   668
  750   132   217
  751   472   489
  752   238   311
  753   836   881
  754     4     2
  755   121   143
  756    79     1
  757   710   659
  758   524   505
  759    86    96
  760    55    43
  761   466   435
  762    25    58
  763   743   643
  764   496   423
  765     1    24
  766  1021   995
  767   638   540
  768   929   968
  769   763   849
  770   762   773
  771   462   406
  772   684   740
  773   924   937
  774   912   825
  775   218   210
  776   596   537
  777   593   530
  778  1015   964
  779   931   951
  780   208   113
  781   538   605
  782   338   349
  783   452   418
  784    81    72
  785    40    94
  786   287   260
  787   300   388
  788   340   250
  789   331   346
  790   255   275
  791   411   361
  792   451   520
  793   494   473
  794   624   598
  795   617   661
  796   745   745
  797   617   542
  798   611   516
  799   795   734
  800   343   426
  801   926   900
  802   276   357
  803   379   351
  804   914   881
  805   672   608
  806    14    43
  807   885   937
  808   171   163
  809   716   795
  810    52    11
  811   267   337
  812   512   523
  813   755   847
  814   376   315
  815    11    86
  816   470   556
  817   774   871
  818   202   131
  819   547   633
  820     1    35
  821   462   385
  822    75   150
  823   606   517
  824   351   384
  825   585   485
  826   651   552
  827   759   702
  828  1081   995
  829   110   196
  830    58   158
  831   237   212
  832   111    16
  833   677   707
  834   275   307
  835   310   382
  836   570   509
  837   935   863
  838   536   471
  839   504   521
  840  1075   985
  841     1    49
  842   292   279
  843   526   617
  844   988   973
  845   148   145
  846   975   890
  847   354   356
  848   825   780
  849   195   173
  850   850   784
  851   123   116
  852   429   347
  853   834   824
  854   168    83
  855    19    82
  856   277   251
  857    65    76
  858   628   703
  859   850   909
  860   211   124
  861   122   139
  862   256   339
  863    77   171
  864     1    18
  865   995   951
  866   783   742
  867   503   453
  868   520   618
  869   528   575
  870   255   301
  871   202   204
  872   365   330
  873   678   667
  874   885   825
  875   886   944
  876   124    46
  877   411   484
  878   412   347
  879  1068   989
  880   714   719
  881    29   103
  882   310   210
  883   756   685
  884    89     4
  885   300   249
  886   952   985
  887   265   315
  888   277   178
  889    60    81
  890   212   276
  891   923   932
  892    91   173
  893   821   882
  894   817   872
  895   505   413
  896   123    55
  897   841   832
  898   335   272
  899   224   281
  900   329   373
  901   438   488
  902   449   412
  903    44    50
  904   307   351
  905   810   890
  906  1016   985
  907   740   685
  908   105   119
  909   882   920
  910   639   670
  911   115    97
  912   461   414
  913   549   486
  914   954   906
  915   233   165
  916   570   515
  917   448   441
  918   376   297
  919   495   430
  920     1     5
  921   462   474
  922   630   542
  923   948   872
  924   354   254
  925   459   362
  926   820   880
  927   341   426
  928   978   944
  929   901   813
  930   676   598
  931   154   117
  932     1    33
  933   692   625
  934   484   389
  935   321   323
  936   239   280
  937   753   726
  938   594   614
  939   580   657
  940   111   199
  941   828   925
  942   464   554
  943   128   103
  944   607   521
  945   176   170
  946   563   576
  947   552   636
  948   621   634
  949   525   427
  950   807   859
  951   498   428
  952   590   652
  953   757   856
  954   952   878
  955   292   380
  956    42    22
  957   590   619
  958   839   897
  959   344   330
  960   794   764
  961   992   967
  962   304   395
  963   970   943
  964   400   412
  965  1002   907
  966   891   911
  967   422   478
  968    82    76
  969   807   710
  970   159    73
  971   891   844
  972    11   103
  973    64    49
  974     1    40
  975   755   728
  976   154   239
  977     1    18
  978   780   875
  979   833   793
  980    68   161
  981   819   885
  982   385   358
  983   289   197
  984   616   638
  985     1    11
  986   479   380
  987   564   478
  988   202   134
  989    27    36
  990   287   363
  991   370   436
  992   177   180
  993   319   302
  994   825   845
  995   387   360
  996   498   567
  997   841   789
  998   507   539
  999     1    12
 1000    95    44
4960
