100
    1     6     5
    2     2     3
    3     1     1
    4     5     6
    5     5     5
    6     9     9
    7     3     4
    8     8     9
    9     9    10
   10     1     1
   11     6     5
   12     1     2
   13     9     9
   14     3     3
   15     4     4
   16    11    10
   17     3     4
   18     9     9
   19     3     2
   20     1     1
   21     3     2
   22     3     3
   23     8     7
   24     9     8
   25     2     2
   26     8     7
   27     1     1
   28     4     5
   29     4     3
   30     8     8
   31     6     7
   32     2     1
   33     8     9
   34     5     6
   35     2     3
   36     6     6
   37    10     9
   38     1     2
   39     7     7
   40     3     2
   41     3     2
   42     6     5
   43     8     7
   44    10     9
   45     9     8
   46     5     6
   47     5     5
   48     6     5
   49     7     6
   50     6     5
   51     1     2
   52     9     9
   53     4     4
   54     5     5
   55     9    10
   56     6     5
   57     9    10
   58     9    10
   59     8     7
   60     7     7
   61     8     8
   62     2     2
   63    10     9
   64     5     6
   65     5     5
   66     8     9
   67     7     6
   68     5     6
   69     3     3
   70     6     5
   71     8     9
   72     5     5
   73     3     3
   74     9    10
   75     6     5
   76     4     4
   77     7     8
   78     3     4
   79     7     8
   80     9    10
   81     2     3
   82     3     3
   83     8     8
   84     9     9
   85     8     9
   86     6     5
   87     1     1
   88     8     9
   89     9     9
   90     5     6
   91     2     2
   92     7     8
   93     7     6
   94     8     7
   95     4     3
   96     6     6
   97     9     8
   98     9     8
   99     2     1
  100     5     5
22
