1000
    1   560   475
    2   492   583
    3   193   101
    4   407   366
    5   260   215
    6   898   829
    7   939   904
    8   562   599
    9   163   200
   10   613   581
   11   350   415
   12   979   902
   13    13    79
   14   790   823
   15   248   224
   16   253   240
   17   439   344
   18   380   299
   19     1    12
   20   119    81
   21  1041   992
   22   587   683
   23   954   887
   24   591   578
   25   427   352
   26   913   867
   27   678   661
   28   544   515
   29   180   113
   30   186   138
   31  1053   997
   32   936   911
   33   379   359
   34   151    56
   35   784   743
   36   450   516
   37   469   519
   38     1    72
   39   338   407
   40   465   482
   41   353   322
   42   652   645
   43   351   257
   44   328   249
   45    60    98
   46   124   206
   47   426   525
   48   260   325
   49   704   706
   50   765   755
   51   984   922
   52   867   819
   53   709   784
   54   812   815
   55   607   620
   56   364   435
   57    21   100
   58   817   830
   59   535   447
   60  1013   917
   61   192   288
   62   700   622
   63   847   939
   64   486   406
   65   114   135
   66   461   519
   67   943   936
   68   150   226
   69   879   903
   70   857   925
   71    72   169
   72    41    65
   73   441   513
   74   749   810
   75   746   835
   76   316   364
   77   226   158
   78   491   534
   79   288   388
   80   562   590
   81   364   353
   82   755   713
   83   269   278
   84   532   469
   85   265   209
   86   773   685
   87   709   731
   88   914   999
   89   652   589
   90   899   846
   91   868   832
   92   520   608
   93   929   976
   94   265   267
   95   697   723
   96   312   216
   97   888   908
   98   793   708
   99   120   191
  100   704   695
  101   836   856
  102   767   707
  103   969   957
  104   854   859
  105   252   180
  106   317   317
  107     1    10
  108   214   174
  109   340   378
  110   747   736
  111    93    38
  112   631   642
  113   425   372
  114   862   836
  115   904   896
  116   780   782
  117   639   666
  118   466   436
  119   771   812
  120   415   400
  121   307   395
  122    98    52
  123   571   495
  124   902   962
  125    42   104
  126   530   618
  127   444   447
  128   368   455
  129   573   598
  130    98    78
  131   488   541
  132   625   636
  133   229   130
  134   563   571
  135   763   676
  136   272   209
  137   710   660
  138   295   206
  139   716   737
  140   607   671
  141  1065   982
  142   724   772
  143   482   482
  144   931   874
  145   305   276
  146   924   877
  147    53    25
  148   991   950
  149   808   724
  150   434   349
  151   644   600
  152   956   908
  153   723   765
  154   904   983
  155   540   557
  156   701   699
  157   398   353
  158   801   842
  159   929   973
  160     1    88
  161   626   684
  162   529   470
  163   164   185
  164   513   593
  165    34    20
  166   184   277
  167   799   798
  168   769   787
  169   233   177
  170   668   740
  171   419   398
  172   236   233
  173   635   700
  174   716   633
  175   903   882
  176   787   830
  177   473   377
  178   758   676
  179   641   569
  180   363   447
  181    30    46
  182   187   192
  183   520   463
  184   688   771
  185   436   340
  186   133    40
  187   858   905
  188   636   596
  189   660   595
  190   201   252
  191  1058   989
  192   650   590
  193   101   199
  194   565   627
  195   534   572
  196    83     5
  197   350   279
  198   733   769
  199   539   594
  200   309   352
  201   530   602
  202   538   448
  203   685   714
  204     5    18
  205  1013   962
  206   454   384
  207   734   827
  208     1    21
  209    84   114
  210    87    16
  211   756   743
  212   192   183
  213   447   402
  214   818   836
  215   652   729
  216   193   198
  217    36     7
  218   461   511
  219   402   324
  220   592   645
  221   632   725
  222   285   328
  223   315   216
  224   639   679
  225   695   703
  226    83    39
  227   163   166
  228   694   704
  229   263   290
  230   674   774
  231     1    40
  232   528   609
  233   289   240
  234   739   833
  235   397   316
  236   719   819
  237   340   240
  238   171   224
  239   605   536
  240   323   360
  241  1027   960
  242   132    42
  243   516   532
  244    69   118
  245   875   821
  246   438   434
  247   814   757
  248   955   957
  249   884   911
  250   499   451
  251   729   758
  252  1056   998
  253   945   872
  254   154   173
  255   853   822
  256   287   204
  257   987   987
  258   627   687
  259   504   590
  260   589   508
  261   314   382
  262  1008   964
  263   574   522
  264   627   550
  265   376   466
  266   854   833
  267   731   773
  268    35   115
  269   548   480
  270   199   114
  271   749   839
  272   936   966
  273   495   459
  274   443   346
  275   560   464
  276   324   301
  277   405   434
  278   524   505
  279   519   444
  280   585   535
  281   101    20
  282   227   237
  283   396   318
  284   697   654
  285   803   867
  286   270   252
  287   222   214
  288    23     4
  289   111    44
  290   797   718
  291   380   333
  292   848   775
  293    97    67
  294   618   677
  295   759   670
  296   859   894
  297   167   225
  298   382   349
  299   621   693
  300   262   267
  301   394   439
  302     1    14
  303   750   665
  304     1    16
  305   336   362
  306   133   151
  307   311   298
  308   308   300
  309    56   151
  310  1061   994
  311   480   469
  312   951   917
  313    82    13
  314  1023   973
  315   227   205
  316   755   821
  317   614   520
  318   172    76
  319   857   929
  320   557   560
  321   527   481
  322   656   658
  323   791   771
  324   894   937
  325   118   176
  326   829   838
  327   822   781
  328   366   442
  329   262   309
  330   209   296
  331   319   219
  332   703   634
  333   791   768
  334   295   275
  335   239   149
  336   875   966
  337   781   846
  338  1079   986
  339    70   163
  340    40    67
  341   300   212
  342   550   533
  343   222   217
  344  1000   975
  345   705   731
  346   191   162
  347   390   355
  348   427   485
  349   992   964
  350   536   470
  351   447   543
  352   404   439
  353   395   315
  354   861   907
  355   132   231
  356   802   828
  357   666   686
  358   571   626
  359   449   534
  360   821   745
  361   251   269
  362   520   488
  363   454   368
  364   354   297
  365   424   409
  366   149    58
  367   975   940
  368   348   391
  369   842   822
  370   239   338
  371   238   179
  372    95   193
  373   940   867
  374   985   913
  375   651   607
  376   390   364
  377   185   182
  378   347   349
  379   227   239
  380   893   940
  381   837   762
  382    46    26
  383   241   199
  384   847   770
  385     1    26
  386    91   138
  387  1015   954
  388   437   437
  389   954   861
  390   236   215
  391   945   938
  392  1053   988
  393   785   874
  394   621   677
  395   293   291
  396   105    56
  397   588   555
  398     1    11
  399   569   541
  400   301   276
  401   228   219
  402   653   744
  403   193   121
  404   700   654
  405   421   329
  406   514   583
  407   511   489
  408   249   333
  409   521   461
  410   537   501
  411   759   818
  412   161   186
  413    28    16
  414   555   600
  415   600   530
  416   610   513
  417   303   358
  418   714   663
  419   725   627
  420   680   719
  421   344   420
  422   226   150
  423   131   168
  424    51   131
  425   643   547
  426   906   864
  427   798   733
  428   281   215
  429   566   637
  430   894   989
  431     1    34
  432   343   381
  433   314   285
  434   472   380
  435   529   518
  436   622   540
  437   558   585
  438   629   647
  439   351   293
  440   924   906
  441   917   993
  442   331   291
  443    83    35
  444   596   641
  445   116   110
  446   439   479
  447     6    64
  448   422   404
  449   347   254
  450   309   250
  451   746   820
  452   157   112
  453    46   100
  454   426   382
  455   304   393
  456   645   669
  457  1000   946
  458   872   801
  459   901   990
  460   788   813
  461   194   232
  462   577   673
  463   503   592
  464   692   705
  465   243   283
  466   639   621
  467   723   729
  468   550   561
  469   610   633
  470   110   128
  471   585   603
  472    81   162
  473   822   921
  474  1048   951
  475   120   187
  476   357   350
  477   967   894
  478   185   223
  479    29    80
  480    46   106
  481   955   946
  482     1    74
  483   131    98
  484   312   281
  485   636   644
  486   105   168
  487    30    85
  488   292   195
  489   998   980
  490   438   536
  491   687   614
  492   273   290
  493    11   100
  494   885   870
  495   517   442
  496   344   329
  497   943   918
  498    40   108
  499   573   627
  500   106    69
  501   439   354
  502   924   851
  503  1019   988
  504   151   190
  505   852   822
  506   972   912
  507   108   186
  508   179   180
  509   836   886
  510   582   546
  511   368   379
  512   182   275
  513   221   195
  514   864   951
  515   900   824
  516   345   409
  517   598   541
  518   523   468
  519   244   316
  520   309   333
  521   761   812
  522    11    36
  523   333   363
  524    57   135
  525   207   152
  526    71   141
  527   421   494
  528   314   405
  529   943   966
  530   631   536
  531   276   204
  532   912   985
  533   998   987
  534   868   824
  535   393   392
  536   743   653
  537   229   328
  538   261   359
  539   862   919
  540   259   201
  541    77    46
  542   898   973
  543   273   368
  544   259   241
  545   982   961
  546   880   875
  547   879   908
  548   534   465
  549   554   487
  550   738   777
  551   910   949
  552   577   586
  553    16    48
  554   659   614
  555   504   440
  556   286   372
  557   231   317
  558   663   686
  559   204   125
  560   465   524
  561   718   762
  562   423   490
  563   650   667
  564   658   693
  565   843   821
  566   261   294
  567    59    86
  568   527   456
  569   351   254
  570   301   284
  571   208   227
  572   391   462
  573   124   159
  574   390   315
  575   592   656
  576   526   594
  577   853   876
  578   320   364
  579   804   726
  580   365   321
  581   405   409
  582   624   704
  583   868   816
  584   414   339
  585  1056   968
  586   617   669
  587   161    91
  588   537   497
  589   498   442
  590   749   792
  591   909   990
  592   734   774
  593   328   419
  594     1    58
  595   973   929
  596   464   440
  597   153    88
  598   158    69
  599   943   999
  600   800   839
  601   487   457
  602   446   454
  603   691   789
  604   705   794
  605    83    17
  606   473   442
  607   933   963
  608   945   934
  609   746   683
  610   498   474
  611  1042   999
  612   210   192
  613   257   292
  614   214   217
  615   179   271
  616   114   119
  617    66   142
  618   723   642
  619   932   893
  620   245   325
  621   825   816
  622   648   548
  623   679   682
  624   422   341
  625   509   488
  626   615   544
  627   806   877
  628   393   356
  629   299   235
  630   262   231
  631   212   139
  632   323   273
  633    44   137
  634   501   462
  635   967   927
  636   640   702
  637   712   628
  638   928   931
  639  1023   944
  640   200   102
  641   445   535
  642   684   734
  643   800   879
  644   608   583
  645    63    80
  646   520   451
  647  1036   944
  648   696   647
  649   231   175
  650   665   581
  651   715   718
  652   127   161
  653   704   711
  654   793   818
  655   299   312
  656   474   495
  657   489   538
  658   948   907
  659   730   689
  660   726   782
  661   137    55
  662   456   386
  663   267   281
  664   234   327
  665   208   109
  666   443   403
  667     1    14
  668   894   810
  669    82    39
  670   569   613
  671   563   520
  672   962   986
  673   582   607
  674   579   568
  675   862   766
  676   935   845
  677   691   676
  678   883   783
  679   754   827
  680   830   811
  681   173   270
  682   558   565
  683   936   837
  684   754   820
  685    88    78
  686   798   721
  687  1085   994
  688   697   796
  689   805   809
  690   577   651
  691   954   866
  692   825   769
  693   342   259
  694   519   614
  695   640   738
  696    85    88
  697   415   342
  698   861   806
  699   779   813
  700   188   109
  701   843   906
  702   159   153
  703   128   170
  704   318   281
  705   214   276
  706   742   816
  707   524   459
  708   450   412
  709     1    25
  710   243   164
  711   486   505
  712   724   778
  713   543   625
  714   518   507
  715   869   827
  716   719   623
  717   855   806
  718   450   546
  719   394   357
  720   367   430
  721   965   908
  722   294   386
  723   778   843
  724   842   818
  725   566   601
  726   351   436
  727   778   869
  728   857   853
  729   343   403
  730   283   191
  731   677   594
  732   279   344
  733   542   550
  734   673   719
  735   594   551
  736   733   829
  737   488   502
  738   951   869
  739   190    94
  740    44    65
  741   508   582
  742   631   611
  743   357   354
  744    28    21
  745   211   225
  746   767   694
  747   385   439
  748   216   242
  749   107    55
  750   369   292
  751   649   748
  752   586   578
  753   301   236
  754   967   941
  755   692   786
  756   891   964
  757   584   622
  758   884   932
  759   524   507
  760    44    22
  761   535   470
  762   346   357
  763    36   110
  764   418   434
  765   980   995
  766   712   734
  767   571   559
  768   119   139
  769   477   532
  770    96   128
  771   625   641
  772    60    55
  773   883   924
  774   793   772
  775     1     5
  776   452   492
  777   272   181
  778   406   415
  779     1    34
  780   900   812
  781   617   576
  782   500   464
  783   411   325
  784   180   123
  785   697   617
  786   319   351
  787   621   671
  788   670   693
  789   783   789
  790   607   590
  791   523   516
  792     1    19
  793   880   948
  794   292   233
  795   200   136
  796   548   516
  797   185   201
  798   618   671
  799   682   769
  800   258   317
  801   496   463
  802   689   664
  803   275   194
  804   974   892
  805    17    43
  806   929   886
  807   693   724
  808   364   414
  809   625   582
  810   288   382
  811   153   220
  812    78    70
  813   838   874
  814    75   142
  815   335   377
  816   619   655
  817   228   138
  818   832   902
  819   949   972
  820   457   438
  821   515   580
  822     1     9
  823   635   576
  824     1    11
  825   300   312
  826   739   691
  827  1062   969
  828   790   766
  829   973   983
  830   684   681
  831     8    31
  832   671   707
  833   734   766
  834     1    38
  835   226   297
  836   212   232
  837   378   426
  838   177   234
  839   976   932
  840    76    44
  841   275   308
  842   474   474
  843   964   868
  844   611   528
  845   611   516
  846   608   541
  847   209   247
  848   509   591
  849   298   312
  850   607   531
  851   848   847
  852   806   790
  853   638   683
  854    69    54
  855  1054   973
  856   621   598
  857   117   191
  858   360   458
  859   213   144
  860   519   503
  861   616   662
  862   584   622
  863   240   318
  864   281   285
  865   768   674
  866   537   545
  867   887   824
  868   964   965
  869   606   586
  870   294   216
  871   537   527
  872   686   637
  873   472   462
  874   310   340
  875   593   523
  876    53   137
  877   148   247
  878   697   614
  879   807   880
  880   313   362
  881   784   794
  882   327   405
  883   861   768
  884   278   351
  885   327   324
  886   215   140
  887   219   214
  888   698   709
  889   508   500
  890   667   759
  891   641   703
  892   506   432
  893   453   509
  894   659   691
  895   906   968
  896   186   186
  897   851   883
  898   312   267
  899   736   764
  900   303   392
  901   458   555
  902   534   623
  903   628   581
  904   903   978
  905   708   661
  906     1    20
  907   695   648
  908   710   642
  909   913   939
  910   583   489
  911   629   572
  912   447   465
  913  1006   961
  914   470   493
  915   126    72
  916    86   174
  917   839   868
  918   767   676
  919  1026   929
  920   467   520
  921   958   885
  922   541   513
  923   533   547
  924   802   737
  925   612   629
  926   416   395
  927   509   597
  928   634   627
  929   424   464
  930   364   377
  931   560   584
  932   331   316
  933   383   292
  934   997   952
  935   727   718
  936   955   875
  937   955   937
  938   681   665
  939   873   804
  940   622   714
  941   898   880
  942   741   837
  943   138   226
  944   939   956
  945   480   509
  946   918   971
  947   211   167
  948   648   557
  949    50    38
  950     1     6
  951   792   719
  952   511   527
  953   105    27
  954     1    41
  955   664   719
  956   414   385
  957   566   470
  958   309   356
  959   247   213
  960   126   143
  961   897   986
  962   297   374
  963   247   186
  964   394   391
  965   717   710
  966   139    90
  967   605   697
  968   301   215
  969   866   905
  970   219   284
  971    20    71
  972   478   538
  973   737   732
  974   140   139
  975   772   747
  976   938   842
  977   296   205
  978   370   318
  979   336   260
  980   850   788
  981   816   744
  982   338   433
  983   869   832
  984   137   177
  985   327   382
  986    61   143
  987   251   337
  988   355   401
  989   300   231
  990   480   398
  991   509   607
  992   158   151
  993   376   361
  994   271   264
  995   775   795
  996   617   570
  997   607   552
  998   577   510
  999   326   375
 1000   548   639
20306
