1000
    1    28    29
    2    74    73
    3    89    79
    4    27    36
    5    47    41
    6    99    95
    7    80    90
    8    88    81
    9    30    30
   10    53    55
   11    40    41
   12    68    72
   13    99    93
   14    18    25
   15    28    30
   16    63    62
   17    48    42
   18    96    89
   19    28    26
   20    29    19
   21    67    58
   22    92    89
   23     1     1
   24    46    36
   25    82    86
   26    50    53
   27    67    71
   28    67    69
   29    45    55
   30     6    12
   31    71    71
   32    95    89
   33    70    61
   34    65    74
   35    59    69
   36    55    46
   37    20    29
   38    23    14
   39    66    69
   40     1     4
   41    58    64
   42    13     3
   43    75    79
   44    35    43
   45    92   100
   46    84    84
   47     1     3
   48    55    51
   49    39    32
   50    85    93
   51    63    72
   52    19    25
   53    21    30
   54    56    61
   55    19    10
   56    60    69
   57    60    66
   58    80    88
   59    52    53
   60    65    67
   61    24    22
   62    51    60
   63    25    25
   64    96    88
   65    27    25
   66    37    45
   67    75    66
   68    51    60
   69    60    69
   70    23    23
   71    39    43
   72    27    31
   73    92    91
   74    32    32
   75    40    45
   76    66    58
   77    99   100
   78    22    28
   79    76    66
   80    59    64
   81    36    27
   82    49    43
   83    52    52
   84    55    59
   85    42    39
   86    21    27
   87    23    25
   88    50    49
   89    59    55
   90    56    48
   91    86    82
   92    80    70
   93    23    22
   94    54    61
   95    27    17
   96    46    54
   97    22    30
   98     8     6
   99    97    97
  100    22    17
  101    24    18
  102   102    97
  103    22    15
  104    92    93
  105    65    66
  106    77    71
  107     6    12
  108    31    32
  109    49    44
  110    91    90
  111    79    80
  112    19    24
  113    67    62
  114    41    38
  115   104    98
  116     6    16
  117    57    64
  118    44    42
  119    75    82
  120    16    26
  121    79    89
  122     1     2
  123     2     1
  124    59    52
  125    53    54
  126     9    16
  127    26    33
  128    21    21
  129    35    44
  130    44    44
  131     2     3
  132    39    30
  133    59    60
  134    95    97
  135    79    82
  136    11     7
  137    23    30
  138    44    36
  139    41    51
  140     8     5
  141    81    80
  142    36    38
  143    30    40
  144   103    96
  145   107    98
  146     1    11
  147    10    19
  148    71    80
  149    45    46
  150    82    91
  151    59    50
  152    80    90
  153    10    11
  154    59    69
  155   102    95
  156    19    25
  157    81    79
  158   100   100
  159    29    23
  160    15    22
  161   108    98
  162    71    80
  163    54    55
  164    24    31
  165     8    14
  166    44    39
  167   102   100
  168    18    13
  169     1     3
  170    14    22
  171    12     4
  172    99    99
  173    53    62
  174    69    71
  175    57    48
  176    35    40
  177    42    51
  178    38    34
  179    31    35
  180    70    73
  181    25    24
  182    93    98
  183    29    37
  184     4     9
  185    15    14
  186    84    82
  187    69    63
  188    19    10
  189    45    41
  190    81    82
  191    69    63
  192    58    52
  193    20    25
  194    28    37
  195    67    58
  196    12    11
  197     1     5
  198    73    75
  199    42    32
  200    29    38
  201     2    12
  202    50    46
  203    58    60
  204    17    16
  205    97    96
  206    57    58
  207    84    81
  208    47    39
  209    55    60
  210    12    22
  211    72    73
  212    51    45
  213    86    96
  214    92    94
  215    51    59
  216    53    60
  217    78    85
  218     1     9
  219    63    54
  220    57    47
  221    19    15
  222    50    50
  223    70    62
  224    50    49
  225    80    85
  226    51    41
  227    45    40
  228    96    94
  229    87    96
  230    48    40
  231    96    90
  232    13    11
  233    72    62
  234    94    87
  235    14     6
  236    96    93
  237    90    82
  238    55    58
  239    56    46
  240    85    78
  241    60    50
  242    13     4
  243    89    82
  244    64    56
  245    72    67
  246    31    36
  247     5    15
  248    80    79
  249    72    69
  250    90    89
  251    80    76
  252    36    28
  253     1     2
  254    19    11
  255    75    80
  256    84    82
  257    63    73
  258    59    53
  259    36    40
  260    32    38
  261   100    92
  262    71    62
  263    45    52
  264   100    92
  265    14    24
  266    22    19
  267    80    83
  268    54    57
  269    40    38
  270    94    88
  271    66    61
  272    96    92
  273    60    61
  274    52    52
  275     4     2
  276   103    95
  277    98    92
  278     1     3
  279    93    90
  280    77    77
  281    86    86
  282    31    31
  283   107   100
  284   106   100
  285    10     9
  286    41    42
  287    65    56
  288    55    58
  289    80    78
  290     1     4
  291    66    63
  292     7     1
  293    26    29
  294    27    35
  295    76    80
  296    17    16
  297    51    51
  298    67    75
  299    12     3
  300    67    57
  301    46    53
  302    57    64
  303    82    91
  304    87    78
  305    44    52
  306    65    73
  307     1     4
  308    88    78
  309     1     5
  310   105    96
  311    44    51
  312    65    55
  313    59    67
  314    69    71
  315    53    43
  316    18    11
  317    19    26
  318    12     6
  319    27    19
  320    32    26
  321    63    63
  322    92   100
  323    35    41
  324    65    55
  325    20    14
  326    53    44
  327    73    67
  328    49    56
  329    79    79
  330    46    46
  331    39    33
  332     1     4
  333    84    94
  334    52    45
  335    22    15
  336     4    12
  337    36    44
  338    81    76
  339    92    85
  340   107    97
  341    80    78
  342    42    51
  343    66    71
  344    58    57
  345     1     1
  346    43    44
  347    11     5
  348    40    47
  349    10     6
  350   102    92
  351    77    85
  352    72    77
  353    89    93
  354    82    73
  355    78    69
  356    35    34
  357    48    48
  358    69    72
  359    75    72
  360    83    83
  361    15    15
  362    76    86
  363    44    42
  364    17    19
  365    31    39
  366    53    52
  367    66    66
  368    81    89
  369    97   100
  370    72    80
  371    19    25
  372    46    43
  373    85    81
  374    19    19
  375    47    57
  376    48    54
  377    54    48
  378    22    23
  379    24    17
  380   102    94
  381    98    92
  382   100    92
  383    83    81
  384    10     8
  385    57    48
  386    70    80
  387    44    48
  388    59    67
  389    66    75
  390    40    49
  391    92   100
  392    58    50
  393    31    24
  394    70    75
  395    51    53
  396    46    46
  397    59    53
  398    38    33
  399    32    35
  400    52    62
  401     1     5
  402    52    54
  403    68    63
  404    39    32
  405     7     3
  406    57    57
  407    51    47
  408    74    67
  409     1     3
  410    22    15
  411     6     8
  412    38    48
  413    60    62
  414    76    70
  415    84    80
  416    95    95
  417    34    24
  418    18    13
  419    28    33
  420    10     5
  421    90    86
  422    23    32
  423    65    58
  424    90    89
  425    82    85
  426    55    46
  427    61    71
  428    93    85
  429    45    39
  430     6     7
  431    39    44
  432    12    11
  433    11     3
  434    67    58
  435    38    40
  436    41    50
  437    49    59
  438    29    25
  439    20    11
  440    40    40
  441    86    95
  442    26    17
  443    28    29
  444    28    19
  445    78    72
  446    30    25
  447    41    50
  448    47    50
  449    22    16
  450    21    24
  451    57    54
  452    22    30
  453   100    98
  454    83    76
  455    13     7
  456    17    11
  457    49    52
  458    80    83
  459    43    52
  460    73    71
  461     1     6
  462    49    59
  463    47    54
  464     5     7
  465     7     9
  466    51    47
  467    32    31
  468    12     3
  469    17    23
  470     1     2
  471    59    69
  472    16    20
  473    63    63
  474    48    49
  475    52    45
  476    94    96
  477    90   100
  478    16    17
  479    65    58
  480   100   100
  481     1     4
  482    70    68
  483    37    40
  484    10     3
  485    83    74
  486    85    94
  487    46    55
  488    84    81
  489    85    90
  490    25    18
  491    65    68
  492    35    36
  493    29    34
  494    14     4
  495    76    80
  496   107    99
  497    74    80
  498    89    98
  499    79    69
  500    28    35
  501    55    52
  502    29    21
  503    31    30
  504    12    20
  505    40    40
  506    75    70
  507    29    28
  508   102    94
  509    45    40
  510    70    72
  511    45    41
  512    12    21
  513     1     1
  514    40    45
  515    11    18
  516    55    51
  517    90    83
  518    47    54
  519    59    66
  520    52    43
  521     5     6
  522    99    98
  523    44    37
  524    59    65
  525    65    66
  526    10     7
  527    13    20
  528    10     7
  529    32    40
  530    77    82
  531    54    62
  532    15    15
  533    68    61
  534    51    46
  535    66    74
  536     9    15
  537    58    54
  538     1     1
  539    82    81
  540    23    27
  541    38    28
  542    71    71
  543    86    94
  544    70    67
  545    16    19
  546    84    77
  547     1    10
  548    82    87
  549   107    97
  550    49    59
  551    93    87
  552    62    68
  553    12    14
  554    78    68
  555    84    74
  556    32    26
  557     1     3
  558    36    28
  559    29    39
  560    49    42
  561    27    28
  562    12    20
  563    68    77
  564    21    19
  565    68    59
  566    24    32
  567    69    64
  568    26    34
  569    26    24
  570     4    10
  571    48    57
  572    44    36
  573    82    73
  574    31    33
  575    61    66
  576    91    92
  577    80    90
  578    74    70
  579    60    56
  580    77    79
  581    61    67
  582    64    74
  583    82    90
  584    14     9
  585    77    86
  586    13    11
  587    41    41
  588    60    59
  589    62    64
  590    20    10
  591    92    84
  592    65    64
  593     4     5
  594    79    80
  595    95    95
  596    38    38
  597    67    62
  598    38    43
  599    59    65
  600    37    37
  601     6     7
  602     1     4
  603    98    95
  604    43    48
  605    87    95
  606    87    84
  607    13    17
  608    20    20
  609    66    57
  610     1     8
  611    93    89
  612    39    34
  613    50    54
  614    73    75
  615    15    17
  616    76    69
  617    44    52
  618    58    48
  619    22    23
  620    82    75
  621    26    22
  622    45    50
  623    85    80
  624    19    27
  625    73    74
  626    40    50
  627    72    63
  628    91    98
  629    91    89
  630    66    69
  631    17    21
  632    57    63
  633     5     3
  634    93   100
  635    29    37
  636    60    64
  637    71    78
  638    48    57
  639    39    38
  640    64    56
  641    17    25
  642    51    52
  643    80    77
  644    52    53
  645    20    26
  646    62    53
  647    29    38
  648    71    81
  649    64    65
  650    52    59
  651     6    12
  652    67    71
  653    63    69
  654     9    16
  655    89    82
  656    19    17
  657    46    56
  658    78    69
  659    24    23
  660    93    84
  661     9     5
  662    34    24
  663    59    51
  664    39    49
  665    35    27
  666    77    81
  667    68    64
  668    56    48
  669    49    41
  670    92    91
  671    83    86
  672    13    16
  673    73    69
  674    63    62
  675    39    32
  676    25    31
  677    64    66
  678   102    93
  679    91    81
  680    66    57
  681    17    24
  682    54    59
  683    95    87
  684    68    62
  685    87    84
  686    92    91
  687    97    88
  688    79    70
  689    30    39
  690    16    25
  691    41    40
  692    88    91
  693     1     5
  694    52    44
  695    48    52
  696     1     6
  697    60    52
  698    58    56
  699     2     3
  700    32    39
  701    22    20
  702     8     7
  703    77    84
  704    47    55
  705    59    66
  706    59    54
  707     8    13
  708    37    46
  709    94    91
  710    60    50
  711    64    71
  712    33    32
  713    86    83
  714    46    37
  715    90    93
  716    56    57
  717    27    32
  718    14    12
  719    77    67
  720    85    88
  721    79    82
  722    50    60
  723    69    61
  724    14    16
  725    66    63
  726     7     6
  727    71    71
  728    94    95
  729    95    93
  730    31    25
  731    47    40
  732    88    78
  733     7     8
  734    71    81
  735    70    73
  736    37    43
  737    73    80
  738    64    55
  739    69    76
  740    74    75
  741    35    36
  742    47    53
  743    24    20
  744   106    99
  745    35    27
  746    13    16
  747    38    41
  748    18    24
  749    54    45
  750    48    42
  751    47    54
  752    77    72
  753    89    90
  754    89    83
  755    15    16
  756    45    38
  757   103    96
  758   106    98
  759    30    33
  760    44    40
  761    37    28
  762    76    71
  763    28    36
  764    21    24
  765    15     9
  766   102    92
  767    81    89
  768    46    53
  769    53    54
  770    48    50
  771    89    99
  772    13    13
  773    96    98
  774     1     2
  775    43    51
  776    37    30
  777    20    15
  778    55    65
  779    64    56
  780    51    46
  781     1     6
  782    88    90
  783    49    47
  784    66    73
  785    40    31
  786    19    13
  787    86    93
  788    88    87
  789    51    51
  790    74    68
  791    44    34
  792    79    85
  793    66    66
  794    68    59
  795    40    38
  796    19    14
  797     1     7
  798    82    73
  799   102    95
  800    66    63
  801    98    89
  802    26    34
  803    31    40
  804    75    66
  805     3     1
  806    54    48
  807    23    14
  808    21    16
  809    39    40
  810    77    80
  811     7    10
  812    52    52
  813    89    92
  814    44    44
  815    18    19
  816    60    53
  817   108   100
  818     7    16
  819    73    82
  820    82    92
  821    26    26
  822    21    15
  823    55    50
  824     4    13
  825    39    30
  826    85    85
  827    46    47
  828    65    64
  829    39    41
  830    22    31
  831    75    77
  832    27    33
  833    65    56
  834     9     8
  835    11     7
  836    82    82
  837     5     4
  838    72    76
  839    15    22
  840    37    34
  841    90    82
  842    30    20
  843    86    86
  844    89    98
  845    38    46
  846    22    23
  847    55    57
  848   102    97
  849     7     6
  850    17    13
  851    45    53
  852    91    84
  853    41    41
  854    15    16
  855    50    51
  856    42    44
  857    56    53
  858    21    12
  859    64    66
  860    93    89
  861    69    60
  862    27    28
  863    49    48
  864    16    15
  865    36    40
  866    51    47
  867    34    38
  868    98    95
  869    50    44
  870    95    94
  871    62    61
  872    49    59
  873    98    92
  874    25    18
  875   102    93
  876    33    31
  877    84    89
  878    46    44
  879    47    42
  880     2     8
  881    51    56
  882    49    51
  883    43    38
  884    68    65
  885    94    90
  886    47    42
  887    29    32
  888    33    31
  889    42    46
  890    40    49
  891     1     1
  892    41    38
  893    17    11
  894    27    21
  895    76    86
  896     7     8
  897    80    85
  898     9    13
  899    28    34
  900    50    54
  901    32    33
  902    39    49
  903    86    87
  904    51    44
  905    87    91
  906    87    94
  907     1     6
  908    32    40
  909    31    21
  910    86    83
  911     3     6
  912    47    47
  913    19    27
  914    42    35
  915    87    94
  916    83    80
  917    65    70
  918    13    10
  919     3    11
  920     8    14
  921    64    59
  922    44    43
  923     4    13
  924    88    91
  925    73    71
  926    74    73
  927    96    95
  928    58    49
  929    22    14
  930    70    63
  931    79    78
  932    51    54
  933    44    54
  934    94    94
  935    73    64
  936    69    69
  937    56    63
  938    79    83
  939     1     2
  940    45    40
  941    45    50
  942    78    75
  943    91    92
  944   106    98
  945    64    67
  946    62    69
  947    32    37
  948    77    71
  949    34    28
  950    26    20
  951    24    29
  952    69    61
  953    77    73
  954    60    51
  955    21    13
  956    69    59
  957    26    20
  958    70    62
  959    13    19
  960    48    45
  961    39    48
  962    21    28
  963    33    32
  964    52    45
  965   102    96
  966    72    76
  967    47    43
  968    86    93
  969    11    19
  970    77    74
  971    83    73
  972    20    12
  973     8    18
  974    48    57
  975    85    93
  976    38    28
  977    95    95
  978    60    64
  979    99    90
  980    20    22
  981    45    50
  982    21    31
  983    25    22
  984    88    87
  985    54    48
  986     3     1
  987    37    27
  988    21    11
  989    25    29
  990    77    72
  991    86    89
  992    77    81
  993   106    99
  994    87    94
  995    80    85
  996    76    72
  997    33    26
  998    17    24
  999    60    65
 1000    74    69
3064
