100
    1    14    16
    2    21    24
    3     4     6
    4    12    11
    5    18    28
    6    32    30
    7    30    25
    8   109   100
    9    87    81
   10    67    70
   11    95   100
   12    42    51
   13    26    32
   14    47    48
   15   101    93
   16    13     9
   17    54    49
   18    11    12
   19    48    41
   20     8     2
   21    97    93
   22    67    76
   23    49    40
   24    43    43
   25    53    49
   26    36    36
   27    16    22
   28     1     8
   29    19    26
   30    41    51
   31    45    38
   32    20    20
   33    74    80
   34    50    53
   35     1     4
   36    27    21
   37    54    52
   38    12     9
   39    63    64
   40    34    27
   41     3     7
   42    83    86
   43    96    98
   44    74    82
   45    77    71
   46    40    39
   47    53    58
   48    94    86
   49    36    39
   50    24    24
   51    42    47
   52    90    84
   53    20    17
   54    66    72
   55    40    37
   56    15    12
   57    62    53
   58   104    95
   59    25    16
   60   104    94
   61    12    13
   62    66    63
   63    93    84
   64     8     7
   65    56    48
   66    42    52
   67    18    17
   68    23    27
   69    55    56
   70    36    30
   71    63    62
   72    92    94
   73   107    98
   74    55    51
   75   103    96
   76    21    25
   77    38    43
   78    19    19
   79    55    49
   80    34    31
   81    63    66
   82   100    94
   83    30    39
   84    66    58
   85    36    38
   86    44    46
   87     6    12
   88    92   100
   89    81    86
   90    87    95
   91    64    57
   92    12    13
   93    83    85
   94    98   100
   95    17     8
   96    42    33
   97    22    25
   98    40    33
   99    26    36
  100    29    36
101
