100
    1     8     9
    2     4     3
    3    10     9
    4     6     6
    5     1     1
    6     6     5
    7     9    10
    8     2     1
    9    10    10
   10     6     5
   11     1     1
   12     1     2
   13     3     3
   14     4     5
   15    11    10
   16     3     2
   17     2     2
   18    10     9
   19     5     6
   20    10     9
   21     8     8
   22     9     9
   23     1     1
   24     7     6
   25     5     6
   26     3     3
   27     1     1
   28    10     9
   29     4     5
   30     2     2
   31     1     1
   32     9     9
   33     1     1
   34     4     4
   35     8     9
   36     6     6
   37     9     9
   38     4     4
   39     9     9
   40     3     4
   41     4     4
   42     4     3
   43     8     9
   44     4     3
   45    11    10
   46     4     4
   47     2     3
   48     2     1
   49     3     2
   50     4     3
   51     2     2
   52     5     5
   53    10    10
   54     2     1
   55    10    10
   56     9     9
   57     6     6
   58     9     8
   59     2     3
   60     8     7
   61     1     2
   62    10    10
   63     5     5
   64     7     8
   65     4     5
   66     6     5
   67     6     6
   68    10    10
   69     9     9
   70     3     3
   71     2     3
   72     1     1
   73     2     1
   74     2     2
   75     6     5
   76     7     8
   77     9    10
   78     8     8
   79     7     6
   80     5     4
   81     7     7
   82     3     3
   83     2     2
   84     8     9
   85     9     9
   86     7     7
   87     6     5
   88    10     9
   89     6     5
   90     7     8
   91     3     2
   92    11    10
   93     3     2
   94     1     1
   95     8     7
   96     5     4
   97    11    10
   98     5     6
   99     7     7
  100     6     7
64
