100
    1   912   829
    2   316   273
    3   901   879
    4   754   736
    5   560   641
    6   123    95
    7   952   890
    8   703   681
    9   712   730
   10   731   655
   11   437   441
   12   149    72
   13  1068   993
   14   657   625
   15   743   730
   16   312   362
   17   111    42
   18   494   589
   19   397   326
   20   238   219
   21    82    58
   22   255   189
   23   879   801
   24   595   636
   25   325   386
   26   101    53
   27   571   671
   28   336   269
   29   847   755
   30   484   412
   31   575   671
   32   546   489
   33   576   561
   34   629   674
   35   610   569
   36    40    46
   37   445   529
   38   350   314
   39   850   769
   40     1     4
   41   570   564
   42   507   503
   43   769   779
   44   531   443
   45   265   300
   46   521   584
   47   305   303
   48   197   151
   49   297   332
   50   219   293
   51   784   772
   52   394   325
   53   575   530
   54   834   761
   55   480   510
   56   135    69
   57   826   766
   58   961   888
   59   397   353
   60   816   767
   61   154   122
   62  1035   960
   63   101   125
   64   821   888
   65   463   425
   66   418   345
   67    48    66
   68   370   460
   69   214   169
   70   238   223
   71   914   843
   72   506   531
   73   973   891
   74   508   532
   75   840   845
   76   333   358
   77   181   200
   78   453   528
   79   552   566
   80   590   664
   81   388   427
   82   637   643
   83   868   952
   84   510   559
   85   655   739
   86   888   927
   87   222   125
   88   716   649
   89   650   655
   90   334   248
   91   579   482
   92   714   770
   93   914   922
   94   714   661
   95   243   317
   96   567   554
   97    46    30
   98   736   806
   99   342   297
  100   900   817
3055
