1000
    1    76    69
    2    90    93
    3    74    71
    4    87    96
    5    33    41
    6    70    63
    7    20    18
    8    21    17
    9    74    70
   10    16     7
   11    37    37
   12    84    84
   13     9    13
   14    80    73
   15    79    70
   16    73    70
   17    99    98
   18    50    57
   19    91    98
   20    95    95
   21    23    26
   22    22    29
   23    83    73
   24    79    72
   25    68    66
   26    75    81
   27     5     3
   28    53    61
   29    25    23
   30    10    12
   31    29    23
   32    35    33
   33    57    57
   34    35    38
   35    18    17
   36    93    86
   37    48    57
   38    40    30
   39    36    45
   40     3    12
   41    27    28
   42    29    39
   43    33    35
   44     1     3
   45   100    96
   46    36    28
   47    41    47
   48    97    99
   49    19    28
   50    18    17
   51    75    72
   52    12    13
   53    91    90
   54    11    21
   55    77    82
   56    44    53
   57    79    86
   58    27    24
   59    92    93
   60    11    19
   61    46    54
   62    41    32
   63    46    53
   64    79    72
   65    88    93
   66    36    41
   67     1     6
   68    47    44
   69    83    89
   70    80    79
   71    52    47
   72    44    51
   73    34    35
   74    98    88
   75    17    25
   76    15    22
   77    69    64
   78    38    40
   79    60    62
   80    64    68
   81    34    27
   82    89    83
   83    57    52
   84    77    79
   85    70    79
   86    36    43
   87    94    85
   88    52    49
   89    69    71
   90    98    96
   91    75    82
   92    43    46
   93    76    82
   94    18    21
   95    24    29
   96    71    78
   97    85    86
   98    64    58
   99    47    37
  100    73    73
  101    42    42
  102    17    17
  103    56    51
  104    19    25
  105    92    94
  106    13    15
  107    13     8
  108    59    68
  109    59    60
  110    75    82
  111    51    48
  112    19    12
  113    39    34
  114    78    86
  115    97    94
  116    52    48
  117    20    20
  118    24    30
  119    93    94
  120    21    22
  121     1     1
  122     5     2
  123    86    89
  124    68    72
  125    56    54
  126    61    68
  127    59    61
  128    84    89
  129    62    52
  130    63    64
  131    21    27
  132   100    94
  133    96   100
  134    91    97
  135    22    22
  136    20    11
  137    48    42
  138    30    28
  139    15    23
  140    31    37
  141    35    36
  142     8     6
  143    22    24
  144    10     4
  145     1     2
  146    93    95
  147    75    79
  148    68    68
  149    64    54
  150     6     7
  151     9     2
  152    80    74
  153    71    67
  154   106    97
  155     9    19
  156    77    73
  157    27    27
  158    80    84
  159    19    23
  160    55    54
  161    16    22
  162     2    12
  163    65    67
  164     5     3
  165    85    78
  166    14    15
  167   103    96
  168    65    61
  169    94    99
  170     8     6
  171    93    92
  172    59    67
  173    31    38
  174   104    95
  175    19    16
  176    29    20
  177     1     3
  178    62    70
  179    42    51
  180    19    21
  181    62    68
  182    78    86
  183    89    89
  184    40    33
  185    71    66
  186    99    98
  187    89    95
  188    36    30
  189    57    49
  190    22    22
  191    24    15
  192    77    76
  193    32    25
  194    25    17
  195    29    38
  196   105    99
  197     1     1
  198     7    11
  199    47    56
  200    17    14
  201    47    40
  202    44    50
  203    21    20
  204    11    20
  205    34    28
  206    12    10
  207    19    25
  208    44    51
  209    65    68
  210     1    10
  211    67    61
  212    75    69
  213    48    56
  214    84    78
  215    56    47
  216    88    88
  217    81    81
  218    69    61
  219    99    94
  220    38    43
  221    36    35
  222    65    58
  223    28    18
  224    16     9
  225    11    21
  226    27    37
  227    87    92
  228    59    66
  229    79    84
  230     1     8
  231    44    38
  232    65    55
  233    18    18
  234    71    79
  235    32    26
  236    87    93
  237    89    98
  238    99    90
  239    33    26
  240    36    42
  241    28    22
  242    86    80
  243    86    82
  244    85    80
  245    75    75
  246    41    32
  247    43    47
  248    34    35
  249     2     5
  250    68    61
  251    99    92
  252    58    68
  253    42    42
  254    78    83
  255    73    64
  256    70    78
  257    46    53
  258    12    21
  259    82    88
  260    26    30
  261    63    72
  262    73    66
  263    36    44
  264    50    60
  265    66    56
  266    39    47
  267     5    15
  268    33    25
  269    32    22
  270    36    40
  271    67    69
  272    86    92
  273    56    57
  274    48    40
  275    74    78
  276     1     7
  277    78    76
  278     3     7
  279    43    46
  280    84    93
  281    45    54
  282    91    91
  283    39    36
  284    51    60
  285    72    73
  286    72    62
  287    24    20
  288     4     2
  289     1    10
  290    23    32
  291    49    55
  292     1     1
  293    54    57
  294    75    67
  295     3     8
  296    34    24
  297   106    99
  298    78    75
  299    32    31
  300    34    25
  301    84    77
  302    12    12
  303    80    87
  304    48    54
  305    33    24
  306    78    81
  307    33    40
  308    77    74
  309    45    45
  310    49    44
  311    34    35
  312    89    79
  313    19    11
  314    79    75
  315    73    67
  316    86    79
  317    15    14
  318    91    94
  319    86    87
  320    94    94
  321   101    99
  322    26    16
  323     4     1
  324    10    19
  325    91    90
  326    26    32
  327    57    47
  328    88    80
  329    79    87
  330    95    94
  331    62    57
  332    17    16
  333    82    90
  334    54    53
  335    93    83
  336    69    72
  337   100   100
  338    50    48
  339    97    89
  340    42    37
  341   101    98
  342    19    15
  343    60    63
  344    41    45
  345    20    13
  346    30    32
  347    64    57
  348    67    71
  349    68    70
  350   105   100
  351     1     1
  352    11     1
  353    30    37
  354    84    89
  355    47    45
  356    69    74
  357    62    72
  358    29    32
  359    38    44
  360    50    59
  361    20    23
  362    92    90
  363    35    42
  364    28    27
  365    69    79
  366    23    16
  367    66    66
  368    84    93
  369    84    92
  370    41    48
  371    90    81
  372    99    95
  373    45    53
  374    46    55
  375    50    57
  376    77    74
  377    66    68
  378    29    23
  379     8     9
  380    40    34
  381    77    80
  382    18    12
  383    72    65
  384    28    32
  385    13     4
  386    86    96
  387    12     8
  388    14     7
  389    43    47
  390    29    29
  391    24    28
  392    25    26
  393    62    72
  394    89    79
  395    20    29
  396    21    18
  397    12     9
  398    31    37
  399   108    99
  400    97    90
  401    24    33
  402    35    34
  403    32    31
  404    83    76
  405    46    55
  406    57    57
  407    23    31
  408    95    99
  409    15    19
  410    49    39
  411    70    80
  412    17    24
  413    78    70
  414    26    30
  415    36    28
  416    85    79
  417    39    40
  418     7    13
  419    24    21
  420    35    33
  421    63    54
  422    67    68
  423    69    78
  424    32    25
  425     1     9
  426    72    82
  427    40    47
  428    49    45
  429    93    83
  430    14    19
  431    20    24
  432    93    99
  433    74    67
  434    54    50
  435   103    96
  436    25    30
  437    69    59
  438    65    69
  439    85    75
  440    30    20
  441   100    91
  442    70    65
  443    91    89
  444    60    63
  445    58    48
  446    93    85
  447    20    26
  448    55    58
  449    36    44
  450    31    28
  451    88    86
  452    43    42
  453    60    54
  454    49    40
  455    75    79
  456    18    27
  457    92    88
  458    65    67
  459    71    76
  460     3     7
  461    51    58
  462    79    87
  463    30    30
  464     1     3
  465    52    57
  466    39    43
  467    69    79
  468    15    19
  469    91    91
  470    49    54
  471    83    89
  472    52    52
  473    25    27
  474    55    53
  475    19    29
  476    53    52
  477    98    88
  478    36    29
  479     7     2
  480    21    12
  481    96    88
  482    81    80
  483     5     4
  484     1     7
  485    13    14
  486    39    42
  487    61    63
  488    17     9
  489    20    22
  490    48    54
  491     3     8
  492    50    44
  493    19    14
  494    91    88
  495     1     4
  496    69    59
  497    47    56
  498    64    70
  499    79    85
  500    45    51
  501    47    56
  502    77    81
  503    94    98
  504     2    12
  505     1     4
  506    46    54
  507    90    92
  508    19    14
  509    29    32
  510    59    68
  511    16    17
  512    23    29
  513    28    37
  514     4     9
  515    23    30
  516    15    15
  517    37    47
  518    87    82
  519    75    66
  520    72    75
  521    26    18
  522    65    74
  523    98    89
  524     8     5
  525    46    38
  526    33    27
  527    63    68
  528     4     3
  529    30    40
  530    99    90
  531    51    46
  532    46    55
  533    58    65
  534     2     2
  535    20    10
  536    91    91
  537    45    50
  538    70    69
  539    65    57
  540    76    75
  541    16    16
  542    17    23
  543    95    90
  544    60    67
  545    49    51
  546    12    21
  547     8     6
  548    96    91
  549    69    77
  550    93    95
  551    11    11
  552    65    56
  553    31    34
  554     1     8
  555     1     6
  556     9    18
  557    76    83
  558    53    44
  559    61    59
  560    57    54
  561    98    96
  562    56    60
  563    13     5
  564    63    67
  565    41    31
  566    10     8
  567     6     8
  568    22    30
  569    90    84
  570    11     6
  571    49    49
  572    93    88
  573    44    45
  574    96    97
  575    84    94
  576    52    44
  577     4    10
  578    60    58
  579    96    96
  580    64    63
  581    56    51
  582    31    34
  583    40    42
  584    11    17
  585    88    98
  586    23    27
  587    92    93
  588    29    35
  589    68    68
  590    65    74
  591    40    48
  592    93    84
  593    41    33
  594    38    36
  595    57    63
  596    39    42
  597    15    14
  598    40    43
  599    81    85
  600    83    93
  601    55    59
  602    56    56
  603    93    83
  604    39    40
  605    47    39
  606    57    52
  607     5     9
  608   107   100
  609    48    57
  610    96    88
  611    57    57
  612     9     2
  613    86    82
  614    56    59
  615    83    73
  616    13    21
  617    32    32
  618    42    36
  619    73    63
  620    85    75
  621    18    10
  622    56    46
  623    91    84
  624     3     7
  625    53    50
  626    46    38
  627    90    91
  628     4    14
  629    28    33
  630    43    41
  631     6     5
  632    38    35
  633    13    23
  634    76    72
  635    12    17
  636    86    92
  637    29    30
  638    60    57
  639     1     2
  640    98    96
  641   101    93
  642    71    64
  643    81    81
  644    14    13
  645    25    34
  646    57    49
  647    55    50
  648    22    13
  649    44    37
  650    42    51
  651    21    24
  652    99    99
  653    45    53
  654    70    68
  655    85    94
  656    19    21
  657    12    20
  658    84    93
  659    61    55
  660    70    80
  661    46    53
  662    94    96
  663     4    11
  664    51    57
  665    81    91
  666    33    25
  667    19    16
  668    69    72
  669    46    37
  670    90    87
  671     4     2
  672     8     8
  673    36    45
  674    32    26
  675    54    52
  676    18    11
  677    82    86
  678    29    25
  679    22    21
  680    14    13
  681    11    16
  682    62    71
  683    35    35
  684    25    30
  685    68    72
  686    51    51
  687   104   100
  688    73    70
  689    80    79
  690    27    25
  691    90    92
  692    93    95
  693    16    13
  694    75    84
  695    75    76
  696    28    22
  697    91    84
  698    13     8
  699    15    23
  700    82    79
  701    54    44
  702   100    99
  703    60    56
  704    53    55
  705    95    86
  706    79    78
  707    44    53
  708    72    78
  709     1     7
  710    88    78
  711    88    87
  712    29    24
  713    59    67
  714    83    77
  715    59    61
  716    48    41
  717    32    32
  718    24    28
  719    48    47
  720    81    72
  721    85    82
  722    11    12
  723    76    77
  724    72    68
  725    36    39
  726    20    14
  727    65    67
  728    57    59
  729    69    65
  730    54    57
  731    98   100
  732    63    62
  733    42    40
  734     1     9
  735    28    29
  736    20    15
  737    72    76
  738    92    83
  739    74    64
  740    63    55
  741    29    28
  742    17    21
  743    44    36
  744    50    43
  745    74    75
  746    64    72
  747    28    37
  748    68    60
  749    19    13
  750    36    42
  751    36    42
  752    88    84
  753    24    34
  754    94    99
  755    17     8
  756    38    38
  757   106    96
  758    22    14
  759    23    33
  760    54    52
  761    61    64
  762    91    91
  763    34    32
  764    92    92
  765    74    81
  766    28    24
  767    80    81
  768    31    25
  769     2    10
  770    55    58
  771    45    35
  772    42    45
  773    55    50
  774    85    90
  775    49    59
  776     9     6
  777    40    47
  778    75    65
  779    10    12
  780    75    78
  781    99    94
  782    47    38
  783     5     3
  784    73    73
  785    49    51
  786    34    41
  787    52    49
  788    54    47
  789    27    27
  790    70    64
  791    44    46
  792    49    53
  793    84    82
  794    65    59
  795    81    86
  796    70    70
  797    90    95
  798    17    17
  799   103    95
  800    25    23
  801    31    37
  802    46    42
  803    46    48
  804     8    18
  805    27    37
  806    24    24
  807    87    82
  808    69    64
  809    27    24
  810    82    84
  811    89    82
  812    92    88
  813    60    56
  814    32    40
  815    93    83
  816    49    57
  817    83    76
  818    89    88
  819    67    62
  820    30    36
  821    85    82
  822     8     3
  823     1     2
  824     1     9
  825    87    94
  826    46    49
  827    89    91
  828    27    20
  829    18    25
  830    80    83
  831    92    85
  832    29    29
  833    84    76
  834    21    16
  835    90    87
  836    26    34
  837   110   100
  838    90    92
  839    52    42
  840    16     6
  841    92    86
  842    31    28
  843    47    50
  844    63    58
  845    86    86
  846     9     7
  847    29    37
  848    29    33
  849    76    70
  850    44    49
  851    92    93
  852    42    44
  853    71    77
  854    45    40
  855   105    95
  856   104   100
  857    80    81
  858    13     4
  859    62    70
  860    19    17
  861    71    64
  862    19    16
  863    78    88
  864     8     7
  865    54    60
  866    37    43
  867     4    10
  868    88    83
  869    23    28
  870    87    90
  871    46    45
  872     9    15
  873    30    32
  874    55    62
  875     1     5
  876    37    43
  877    12     5
  878    36    36
  879    66    70
  880    70    68
  881    33    32
  882     5     7
  883    53    46
  884    44    37
  885    61    58
  886    83    86
  887    42    48
  888    77    87
  889    47    54
  890    12    21
  891    15     5
  892    18    26
  893    65    59
  894    21    13
  895    92    98
  896    10    16
  897    80    81
  898    15    21
  899    40    42
  900    26    30
  901    87    77
  902    43    49
  903    36    27
  904    51    60
  905    35    31
  906    49    46
  907    38    38
  908    53    44
  909     1     9
  910    53    43
  911    41    38
  912    24    31
  913    88    95
  914     1     3
  915    54    50
  916    63    68
  917    76    66
  918    84    90
  919    51    47
  920    72    78
  921     6    11
  922    90    83
  923    78    81
  924    34    31
  925    35    35
  926    77    69
  927    97    99
  928     1     5
  929    65    62
  930    82    91
  931    91    90
  932    75    78
  933    35    30
  934     9    10
  935    69    72
  936    30    29
  937    61    63
  938    41    47
  939     1     6
  940    83    88
  941     8    10
  942    99    99
  943     6    12
  944    70    66
  945    89    99
  946    25    25
  947    97    97
  948    81    91
  949    57    48
  950    37    40
  951    16     9
  952    90    93
  953    84    81
  954    33    31
  955    70    77
  956    50    59
  957    65    68
  958    50    50
  959     9     7
  960    34    41
  961    33    24
  962    62    72
  963    48    40
  964    33    37
  965    84    76
  966    13     4
  967    46    51
  968    82    89
  969    90    91
  970    96    94
  971    77    69
  972    62    64
  973    95    94
  974    70    73
  975     1     1
  976    49    56
  977    69    63
  978    30    24
  979    83    82
  980     1     2
  981    37    38
  982    80    83
  983    44    42
  984    62    67
  985    74    68
  986    95    85
  987   104    99
  988    90    91
  989    90    85
  990    70    76
  991    69    77
  992    60    69
  993    64    71
  994    85    86
  995     6     5
  996    74    68
  997    79    78
  998   104    96
  999    34    33
 1000    13     9
1027
