100
    1   490   536
    2   150   132
    3   142    74
    4   325   291
    5   434   428
    6  1011   994
    7   871   869
    8  1040   980
    9   284   349
   10   830   914
   11   143   156
   12   401   475
   13   450   540
   14   203   300
   15   382   461
   16   775   693
   17   317   237
   18   444   376
   19   296   297
   20   489   398
   21    68   157
   22   179    96
   23   940   996
   24   774   871
   25   825   789
   26   260   184
   27    11    10
   28   901   928
   29   546   542
   30   931   999
   31   358   330
   32   908   828
   33   548   540
   34   248   277
   35   324   308
   36   799   841
   37   311   396
   38   680   677
   39   389   460
   40   765   759
   41   971   927
   42   686   762
   43   147   238
   44   861   910
   45   670   575
   46     1     3
   47   571   618
   48   927   890
   49   765   799
   50   375   424
   51   135    47
   52   735   760
   53   896   797
   54   638   652
   55   415   345
   56   339   344
   57   930   913
   58   174   123
   59     1    36
   60   744   690
   61   597   549
   62   839   819
   63   806   728
   64   399   435
   65   263   212
   66   655   612
   67   482   437
   68   974   959
   69   789   716
   70   807   818
   71   247   150
   72   625   702
   73   517   606
   74   873   791
   75   104   184
   76   431   497
   77    91   115
   78    97   195
   79   219   305
   80   881   923
   81   276   214
   82   287   214
   83   169   139
   84   329   370
   85   768   710
   86   538   466
   87   768   744
   88   916   948
   89   527   458
   90   484   499
   91  1020   957
   92   307   365
   93   889   813
   94   963   928
   95   389   384
   96   226   237
   97   808   713
   98   178   129
   99   597   604
  100   619   676
4734
