1000
    1    90    82
    2    43    42
    3    40    44
    4    23    21
    5    64    54
    6    37    28
    7    91    83
    8   100    98
    9    19    19
   10   102    92
   11    34    30
   12    10     5
   13    34    26
   14    51    50
   15     8     7
   16    71    71
   17    41    39
   18    87    86
   19    92    83
   20    14    12
   21    93    91
   22    47    42
   23    72    82
   24     9    13
   25     1     3
   26    89    98
   27   104   100
   28    21    22
   29    49    52
   30    77    73
   31    55    56
   32     8     2
   33    32    38
   34    50    59
   35    74    82
   36    21    11
   37    37    34
   38    28    35
   39   108    98
   40    84    89
   41    82    85
   42    61    56
   43    12    16
   44     8    16
   45    34    25
   46    82    73
   47    87    92
   48    58    64
   49    22    21
   50    81    86
   51    96    97
   52    62    54
   53    13     3
   54    49    58
   55    58    55
   56    12    10
   57    46    47
   58    70    65
   59    38    30
   60    91    92
   61    10    15
   62    28    29
   63    49    42
   64    46    53
   65    80    70
   66    31    34
   67     5     7
   68    23    25
   69     9     2
   70    15    20
   71    26    28
   72    79    88
   73    19    28
   74    75    69
   75    75    74
   76    10     3
   77    82    73
   78     1     1
   79    81    79
   80    10     1
   81    38    40
   82    90    84
   83    58    65
   84    85    80
   85    76    80
   86    34    24
   87    90    98
   88    41    50
   89    45    40
   90    48    49
   91     1     7
   92    11     3
   93    16    19
   94    26    34
   95    88    90
   96    96    99
   97    87    91
   98    32    31
   99    97    98
  100    64    54
  101    84    75
  102    56    66
  103    42    44
  104    29    34
  105    77    83
  106    70    72
  107    20    13
  108    60    61
  109    59    53
  110    84    91
  111    22    25
  112    80    89
  113    89    83
  114    54    63
  115    76    75
  116    41    33
  117     9    13
  118    87    95
  119    59    67
  120    44    39
  121    79    86
  122    35    27
  123    45    54
  124    90    97
  125     6     3
  126    58    65
  127    23    26
  128    62    54
  129    20    17
  130    83    77
  131    57    60
  132    56    51
  133    44    49
  134    42    34
  135    51    59
  136    53    56
  137    70    63
  138    48    49
  139    31    32
  140    56    46
  141     5     5
  142    45    47
  143    79    69
  144    73    81
  145    66    59
  146    50    52
  147    86    92
  148    49    45
  149     1     7
  150    69    60
  151    98    99
  152    29    31
  153    12     8
  154    76    86
  155    37    40
  156    17    14
  157    17    16
  158    30    29
  159    95    96
  160    29    39
  161    72    79
  162    30    33
  163    57    64
  164    58    52
  165    54    59
  166    51    44
  167     1     1
  168     1     2
  169    11    16
  170    14    15
  171     3     9
  172    47    56
  173    67    67
  174    79    88
  175     6     5
  176    23    21
  177    79    88
  178    69    63
  179    46    44
  180    78    86
  181    72    65
  182    53    51
  183    75    74
  184     1     2
  185    75    75
  186    26    27
  187    91    92
  188    48    43
  189    82    90
  190    64    71
  191    26    24
  192    26    33
  193    55    62
  194    57    66
  195    68    75
  196    35    40
  197    41    42
  198    11     4
  199     1     1
  200     5     7
  201    84    93
  202   103    95
  203    48    57
  204    60    65
  205    32    37
  206    23    19
  207    58    58
  208    21    24
  209     4     9
  210    56    51
  211    54    62
  212     9     2
  213    94    93
  214    54    47
  215    26    24
  216    48    41
  217    95    98
  218    26    34
  219    43    43
  220    47    48
  221    83    84
  222     3    11
  223     8    11
  224    11    10
  225    27    26
  226    93    90
  227    27    29
  228    86    87
  229    26    25
  230    93    97
  231    97    91
  232    64    64
  233    15    23
  234    46    40
  235    12     3
  236    20    30
  237    10     3
  238    79    75
  239    81    75
  240    67    63
  241    44    43
  242    79    85
  243     9     7
  244     1     1
  245    74    64
  246     4    13
  247    30    20
  248    94    92
  249    90    98
  250    56    58
  251    30    33
  252    83    93
  253    94    91
  254    75    80
  255    48    57
  256    74    71
  257    10    14
  258    56    62
  259    23    17
  260     1     3
  261    28    21
  262     9    11
  263    15    17
  264    39    37
  265    11     5
  266    89    88
  267     5    12
  268     1     2
  269    77    67
  270    48    49
  271    15    22
  272    11     5
  273    47    38
  274    26    29
  275    76    71
  276    65    68
  277    53    45
  278    72    76
  279     9    15
  280    29    22
  281    17    19
  282    38    28
  283    61    65
  284   103    97
  285     6     6
  286    78    87
  287    59    53
  288    61    59
  289    79    71
  290    92    97
  291    62    52
  292    40    38
  293    30    34
  294    39    40
  295    61    61
  296    81    77
  297    58    64
  298    31    36
  299    84    84
  300    49    54
  301    58    58
  302    96    89
  303     5     4
  304    80    83
  305    47    45
  306    42    34
  307    32    33
  308    11    15
  309    28    34
  310    35    45
  311    94    92
  312   110   100
  313    77    68
  314    40    44
  315    36    36
  316    28    32
  317     4     3
  318    28    23
  319    11    16
  320    57    59
  321    42    52
  322    42    45
  323    81    74
  324    62    64
  325    34    31
  326    17    21
  327    89    84
  328    18    13
  329    56    64
  330    42    47
  331    15    14
  332    12    13
  333    93    83
  334    90    82
  335    38    48
  336    57    61
  337    92    93
  338    45    45
  339    38    46
  340    91    86
  341    18    11
  342    52    60
  343    54    48
  344    30    22
  345    10    10
  346    13     9
  347    22    30
  348    13     4
  349    75    79
  350     7     1
  351     9     6
  352    52    46
  353    82    82
  354    84    82
  355    43    38
  356     4    11
  357    22    29
  358    52    45
  359    27    17
  360    84    76
  361    94    88
  362    43    35
  363    53    55
  364    31    28
  365    60    56
  366    83    73
  367    17    27
  368    71    62
  369    34    41
  370    21    25
  371    94    98
  372    67    68
  373    68    62
  374    69    72
  375    12     6
  376    30    23
  377    28    29
  378    52    60
  379    16     6
  380    68    71
  381    59    57
  382    57    49
  383    53    46
  384     1     1
  385    30    33
  386     1     1
  387   103    97
  388    49    56
  389    37    32
  390    35    42
  391    84    81
  392    36    31
  393    22    25
  394    56    48
  395    63    58
  396    21    15
  397    18    26
  398    39    46
  399    38    32
  400    32    31
  401    79    74
  402    37    35
  403    91    84
  404    29    21
  405    41    40
  406    94    94
  407    85    76
  408    31    36
  409   108   100
  410    62    72
  411    20    29
  412    58    53
  413    65    59
  414    64    55
  415    50    57
  416    88    88
  417    63    57
  418    41    38
  419    55    62
  420   100    98
  421   104    95
  422    83    73
  423     1     3
  424    75    66
  425    72    78
  426    97    87
  427    20    16
  428   104    94
  429    85    92
  430   101    92
  431    15    25
  432    24    28
  433    81    88
  434    26    23
  435     1     1
  436    31    31
  437    77    72
  438    45    38
  439    48    44
  440    54    57
  441    29    20
  442    15     6
  443    82    78
  444    24    32
  445    72    77
  446    46    46
  447    90    95
  448    45    47
  449   107    97
  450    34    37
  451    21    23
  452    20    15
  453    57    47
  454    93    97
  455    63    64
  456    50    56
  457    82    81
  458   100   100
  459     9     9
  460    19    24
  461    38    43
  462    28    28
  463    18    11
  464     5     8
  465    92    98
  466    42    36
  467    89    80
  468    55    48
  469    37    44
  470    30    39
  471     1     2
  472     7     1
  473    62    60
  474    49    46
  475    44    50
  476    13    21
  477    74    77
  478    23    14
  479    68    71
  480    48    45
  481    29    33
  482    87    89
  483    69    61
  484    60    64
  485    15    15
  486    30    31
  487    44    40
  488    81    74
  489    17    19
  490    77    83
  491    95    97
  492     1     9
  493     1     3
  494    52    45
  495    47    49
  496     4     8
  497    51    61
  498    40    43
  499    18    14
  500    20    20
  501    73    77
  502    30    30
  503    83    75
  504    35    33
  505    81    73
  506    79    75
  507     1     1
  508    44    51
  509    48    41
  510    55    61
  511    60    70
  512    54    46
  513    37    30
  514    47    42
  515    18    15
  516    78    72
  517    85    80
  518    48    47
  519    14    15
  520    63    72
  521    72    79
  522     1     3
  523    80    74
  524    53    54
  525    91    99
  526    48    40
  527    76    85
  528    77    84
  529    46    53
  530     7     7
  531     8    15
  532    64    56
  533    56    46
  534    21    31
  535    13    15
  536    99    96
  537    57    67
  538    66    70
  539    56    62
  540    25    16
  541    84    93
  542    87    96
  543    35    31
  544    85    80
  545    39    48
  546    45    54
  547     9    11
  548    50    48
  549    31    26
  550   110   100
  551    53    56
  552    39    33
  553    98    95
  554    31    21
  555    94    91
  556     8     3
  557    29    20
  558    39    49
  559    69    72
  560    23    27
  561    64    61
  562    85    85
  563    50    58
  564    36    32
  565    82    80
  566     2     1
  567    45    53
  568    26    23
  569    86    85
  570    21    23
  571    73    70
  572    75    73
  573    32    30
  574    22    18
  575    48    47
  576    32    41
  577    31    23
  578    28    23
  579    41    45
  580    11     8
  581    17    20
  582    63    59
  583     5     3
  584    72    70
  585    79    71
  586    25    32
  587    86    90
  588    60    64
  589    84    77
  590    94    95
  591    49    57
  592    84    85
  593    51    50
  594    35    41
  595    28    28
  596    92    87
  597    94    99
  598    10     4
  599    27    22
  600    37    34
  601     4     8
  602    46    53
  603   106   100
  604    28    25
  605    18     8
  606    21    29
  607    77    70
  608    29    37
  609    97    94
  610    19    25
  611     3    10
  612    49    55
  613    88    83
  614     8     4
  615    60    66
  616    88    94
  617    67    57
  618    78    77
  619    31    40
  620    26    24
  621    78    75
  622    58    51
  623     1     5
  624    35    44
  625    75    67
  626     1     3
  627    82    80
  628   104    95
  629    90    90
  630    90    90
  631    28    38
  632    40    32
  633    55    60
  634    98    93
  635    71    66
  636   100    93
  637    44    51
  638   103    94
  639    39    35
  640     9     9
  641    80    70
  642    22    13
  643    23    26
  644    85    86
  645    89    99
  646    70    78
  647    44    35
  648    51    50
  649    41    34
  650    93   100
  651    18     9
  652    58    52
  653   103    98
  654    13    17
  655     5    15
  656    33    30
  657    99    89
  658     1     2
  659    70    64
  660    84    85
  661    84    82
  662    61    69
  663    91    84
  664     8    10
  665    29    36
  666    97    94
  667    87    89
  668    70    65
  669    58    66
  670    28    28
  671    94    95
  672     1     5
  673    29    26
  674    88    83
  675    16    13
  676   106   100
  677    19    11
  678    15    22
  679     8    10
  680    54    54
  681    70    77
  682    76    80
  683    64    64
  684    35    31
  685    51    61
  686    95   100
  687    80    85
  688     8     7
  689     2     4
  690    18    14
  691     8     1
  692     7     4
  693    69    78
  694    91    85
  695    34    33
  696    30    39
  697    73    81
  698    36    29
  699    66    72
  700    57    56
  701    25    25
  702    22    32
  703    23    17
  704    70    68
  705    77    87
  706    94    99
  707    86    90
  708    57    63
  709    99   100
  710   105    95
  711    30    28
  712    10     9
  713     3    12
  714    29    26
  715    16    26
  716    96    98
  717    78    69
  718    23    21
  719    77    72
  720    10    17
  721    77    71
  722    76    73
  723    87    94
  724    37    41
  725    25    20
  726    72    67
  727   106    96
  728    97    92
  729    78    86
  730    57    66
  731    31    37
  732    79    71
  733    17    13
  734    72    62
  735    39    34
  736    44    48
  737    65    69
  738    23    24
  739    12    17
  740    48    56
  741    12    13
  742    67    74
  743    32    29
  744    71    64
  745    47    52
  746    80    77
  747    51    42
  748    44    41
  749    47    42
  750    65    67
  751    15     7
  752   103    93
  753    86    91
  754    21    28
  755    78    81
  756    68    75
  757    85    85
  758     6     7
  759    64    70
  760     6     1
  761    57    57
  762     6     4
  763    15    25
  764    47    45
  765    59    66
  766    12    21
  767    85    78
  768    52    58
  769     9    15
  770    38    35
  771    71    76
  772    12    18
  773    12    11
  774    12    19
  775    94   100
  776   107    99
  777    28    32
  778    20    14
  779    18    17
  780    69    63
  781    87    95
  782    81    79
  783    35    32
  784    70    74
  785    37    40
  786    99    94
  787     8     6
  788    92    84
  789    82    80
  790     1     5
  791    10    19
  792    21    18
  793    85    75
  794    24    20
  795    62    63
  796    29    39
  797    64    60
  798    69    74
  799    48    56
  800    58    60
  801    76    78
  802    28    19
  803    31    37
  804     1     3
  805    24    30
  806    37    29
  807    11    11
  808    10    17
  809    66    69
  810    55    53
  811    60    55
  812    15    17
  813     1     1
  814    72    69
  815     7    16
  816     6     2
  817     6     5
  818    72    73
  819     9    11
  820   103    93
  821    27    23
  822    68    68
  823    79    87
  824    81    90
  825    41    39
  826    88    82
  827    30    36
  828    37    37
  829    27    22
  830    57    56
  831   101    98
  832    50    46
  833    81    77
  834    59    69
  835    20    12
  836     1     7
  837    34    41
  838   102    97
  839    48    43
  840     1     3
  841    75    67
  842    23    17
  843    26    19
  844    93    83
  845    25    35
  846    43    40
  847    48    38
  848    53    50
  849     1     3
  850    32    30
  851    26    30
  852    85    81
  853    84    94
  854    72    73
  855    57    64
  856    90    93
  857    62    58
  858    64    65
  859    28    27
  860    85    82
  861    82    85
  862     3     5
  863    75    65
  864     1     4
  865   103    97
  866    56    48
  867    90    95
  868    63    60
  869    41    49
  870    24    31
  871     3     2
  872    53    44
  873    54    57
  874     7     7
  875    10     2
  876    21    28
  877    13    10
  878    36    33
  879    25    23
  880     6     5
  881    32    37
  882   108   100
  883    93    99
  884    47    46
  885    57    47
  886    91    95
  887    58    65
  888    35    40
  889    20    19
  890    45    42
  891    75    74
  892    33    43
  893    85    88
  894     5    10
  895    80    71
  896    23    17
  897    91    86
  898    58    62
  899    87    95
  900    17    11
  901    22    22
  902    96    86
  903    60    64
  904    55    53
  905    37    32
  906     1     7
  907    62    59
  908     5    13
  909    14    10
  910    64    56
  911    53    47
  912    59    64
  913    33    36
  914    75    80
  915    86    79
  916    39    33
  917    54    47
  918     1     3
  919    86    76
  920    40    35
  921   102    96
  922    42    32
  923    12    22
  924    62    68
  925    36    44
  926    56    62
  927    65    68
  928     3    10
  929    55    63
  930    47    56
  931   109    99
  932    97    99
  933    50    59
  934    21    15
  935     6    13
  936    24    18
  937    97   100
  938    25    16
  939    44    51
  940    36    29
  941    35    35
  942    29    20
  943     5     1
  944    43    43
  945    52    48
  946    72    66
  947    44    46
  948    18    28
  949    50    49
  950    55    53
  951     2    10
  952     6     2
  953    56    46
  954     1     4
  955    56    58
  956    95    96
  957    71    69
  958     5    15
  959    88    96
  960    16    22
  961    13     5
  962    43    53
  963    34    29
  964    16    22
  965     7    13
  966    67    69
  967    17    16
  968     1     6
  969   108   100
  970    92    95
  971    97    98
  972    72    73
  973    57    63
  974    81    90
  975    19    18
  976   104    97
  977    37    40
  978    17    13
  979    79    79
  980    14    15
  981     1     3
  982    61    56
  983    64    67
  984    71    68
  985     2     5
  986    15     6
  987    43    48
  988    23    16
  989    88    78
  990    24    33
  991    82    78
  992    15    22
  993    68    68
  994    26    35
  995    35    30
  996    65    73
  997    61    63
  998    75    81
  999    79    86
 1000    25    34
3431
