100
    1   560   475
    2   492   583
    3   193   101
    4   407   366
    5   260   215
    6   898   829
    7   939   904
    8   562   599
    9   163   200
   10   613   581
   11   350   415
   12   979   902
   13    13    79
   14   790   823
   15   248   224
   16   253   240
   17   439   344
   18   380   299
   19     1    12
   20   119    81
   21  1041   992
   22   587   683
   23   954   887
   24   591   578
   25   427   352
   26   913   867
   27   678   661
   28   544   515
   29   180   113
   30   186   138
   31  1053   997
   32   936   911
   33   379   359
   34   151    56
   35   784   743
   36   450   516
   37   469   519
   38     1    72
   39   338   407
   40   465   482
   41   353   322
   42   652   645
   43   351   257
   44   328   249
   45    60    98
   46   124   206
   47   426   525
   48   260   325
   49   704   706
   50   765   755
   51   984   922
   52   867   819
   53   709   784
   54   812   815
   55   607   620
   56   364   435
   57    21   100
   58   817   830
   59   535   447
   60  1013   917
   61   192   288
   62   700   622
   63   847   939
   64   486   406
   65   114   135
   66   461   519
   67   943   936
   68   150   226
   69   879   903
   70   857   925
   71    72   169
   72    41    65
   73   441   513
   74   749   810
   75   746   835
   76   316   364
   77   226   158
   78   491   534
   79   288   388
   80   562   590
   81   364   353
   82   755   713
   83   269   278
   84   532   469
   85   265   209
   86   773   685
   87   709   731
   88   914   999
   89   652   589
   90   899   846
   91   868   832
   92   520   608
   93   929   976
   94   265   267
   95   697   723
   96   312   216
   97   888   908
   98   793   708
   99   120   191
  100   704   695
2086
