100
    1    88   182
    2   527   442
    3   931   944
    4   827   921
    5   436   354
    6   635   728
    7   858   883
    8   849   898
    9   735   819
   10   265   192
   11    56   130
   12   382   305
   13   646   626
   14   839   850
   15   239   307
   16   565   571
   17   595   539
   18   129    86
   19   896   983
   20   521   612
   21    27    91
   22   863   942
   23    15    82
   24   770   813
   25   324   403
   26  1022   998
   27   917  1000
   28   908   822
   29   231   252
   30   281   373
   31   685   656
   32   650   602
   33   401   338
   34   569   659
   35   498   482
   36   360   311
   37     1    34
   38   527   435
   39    78    98
   40   656   589
   41   754   685
   42   183   256
   43   679   716
   44   708   716
   45   767   725
   46   345   273
   47    94   192
   48    40    64
   49   870   821
   50   971   886
   51   184   197
   52   208   254
   53   332   403
   54     1    58
   55   542   455
   56   769   710
   57   276   247
   58     1    65
   59   102   130
   60    92   192
   61   635   715
   62   152   129
   63   552   542
   64   913   953
   65   562   570
   66   497   434
   67   377   307
   68   804   725
   69   806   802
   70   476   520
   71   757   828
   72   663   588
   73   186   228
   74   114    69
   75   211   174
   76   414   503
   77   136    73
   78   135   201
   79   508   479
   80   255   201
   81    51   140
   82   254   284
   83   419   465
   84   351   280
   85   227   180
   86   222   224
   87   903   998
   88   617   650
   89     1    40
   90   451   449
   91   309   307
   92   163   203
   93   306   219
   94   514   534
   95   692   790
   96   971   899
   97   650   591
   98     1    31
   99   425   498
  100   624   554
3270
